"Symbol","Series","Date","Prev Close","Open Price","High Price","Low Price","Last Price","Close Price","Average Price","Total Traded Quantity","Turnover","No. of Trades","Deliverable Qty","% Dly Qt to Traded Qty"
"NIITLTD","EQ","11-Sep-2018","         98.50","         98.70","         99.00","         95.25","         95.65","         95.75","         96.89","    1000189","            96905397.85","       6042","     359690","         35.96"
"NIITLTD","EQ","12-Sep-2018","         95.75","         95.70","         95.70","         91.50","         93.00","         93.35","         93.03","    1112842","           103522964.40","      14981","     346715","         31.16"
"NIITLTD","EQ","14-Sep-2018","         93.35","         94.00","         95.40","         93.40","         94.10","         94.45","         94.30","     808196","            76212695.80","       5926","     330189","         40.86"
"NIITLTD","EQ","17-Sep-2018","         94.45","         94.00","         94.00","         91.80","         92.30","         92.60","         92.85","     704640","            65427108.45","       4202","     224236","         31.82"
"NIITLTD","EQ","18-Sep-2018","         92.60","         92.70","         93.30","         90.65","         90.80","         91.05","         91.79","     640262","            58768590.05","       4169","     324879","         50.74"
"NIITLTD","EQ","19-Sep-2018","         91.05","         91.90","         92.45","         88.50","         89.70","         89.70","         90.34","     728792","            65841333.40","       5645","     293038","         40.21"
"NIITLTD","EQ","21-Sep-2018","         89.70","         90.45","         90.85","         77.10","         86.50","         86.20","         85.67","    1683868","           144254984.10","       9326","     708854","         42.10"
"NIITLTD","EQ","24-Sep-2018","         86.20","         87.10","         87.40","         81.10","         81.50","         81.80","         84.28","     656519","            55331920.75","       4525","     332979","         50.72"
"NIITLTD","EQ","25-Sep-2018","         81.80","         82.00","         83.80","         76.50","         81.00","         80.90","         80.54","     957380","            77104036.90","       5689","     495284","         51.73"
"NIITLTD","EQ","26-Sep-2018","         80.90","         81.90","         81.90","         78.10","         78.70","         78.65","         79.48","     510652","            40587648.25","       4942","     203860","         39.92"
"NIITLTD","EQ","27-Sep-2018","         78.65","         79.00","         81.90","         74.50","         75.55","         75.30","         77.24","    1154855","            89197603.20","       6682","     649534","         56.24"
"NIITLTD","EQ","28-Sep-2018","         75.30","         76.40","         78.70","         71.30","         73.70","         73.35","         74.90","    1103964","            82691410.60","       7662","     490691","         44.45"
"NIITLTD","EQ","01-Oct-2018","         73.35","         73.50","         75.65","         70.00","         75.00","         75.00","         73.93","     788155","            58265434.60","       6755","     347079","         44.04"
"NIITLTD","EQ","03-Oct-2018","         75.00","         75.00","         76.35","         72.55","         72.80","         73.10","         74.05","     628179","            46515913.70","       6743","     275053","         43.79"
"NIITLTD","EQ","04-Oct-2018","         73.10","         71.80","         72.70","         68.10","         68.55","         69.20","         70.09","     953761","            66852394.05","       5567","     466453","         48.91"
"NIITLTD","EQ","05-Oct-2018","         69.20","         69.80","         70.55","         65.80","         66.00","         66.75","         67.35","     912474","            61455157.00","       8642","     393623","         43.14"
"NIITLTD","EQ","08-Oct-2018","         66.75","         66.75","         67.95","         60.60","         61.25","         61.70","         64.06","    1014553","            64997326.55","       6170","     521475","         51.40"
"NIITLTD","EQ","09-Oct-2018","         61.70","         62.15","         63.25","         61.10","         61.90","         61.95","         62.19","     582588","            36228572.15","       5403","     208999","         35.87"
"NIITLTD","EQ","10-Oct-2018","         61.95","         62.95","         67.05","         62.35","         66.60","         66.50","         64.87","     606552","            39347131.60","       5418","     290095","         47.83"
"NIITLTD","EQ","11-Oct-2018","         66.50","         63.85","         67.40","         62.40","         66.75","         66.55","         65.14","     659178","            42939349.45","       6663","     246683","         37.42"
"NIITLTD","EQ","12-Oct-2018","         66.55","         67.10","         69.70","         66.90","         69.00","         69.05","         68.45","     644273","            44100418.40","       8273","     268084","         41.61"
"NIITLTD","EQ","15-Oct-2018","         69.05","         69.70","         73.70","         68.20","         72.60","         73.20","         71.97","     920423","            66242888.20","       5867","     329974","         35.85"
"NIITLTD","EQ","16-Oct-2018","         73.20","         73.00","         76.40","         72.15","         75.75","         75.70","         74.78","    1877956","           140435569.15","      11656","     583788","         31.09"
"NIITLTD","EQ","17-Oct-2018","         75.70","         76.40","         77.00","         72.45","         72.50","         72.95","         75.05","    1045886","            78488976.45","       8302","     335902","         32.12"
"NIITLTD","EQ","19-Oct-2018","         72.95","         72.60","         74.75","         70.15","         74.05","         74.25","         73.26","     626877","            45926551.05","       5117","     271317","         43.28"
"NIITLTD","EQ","22-Oct-2018","         74.25","         75.00","         75.75","         71.10","         72.50","         72.90","         72.81","     443664","            32302315.95","       4109","     206503","         46.54"
"NIITLTD","EQ","23-Oct-2018","         72.90","         73.15","         73.15","         71.00","         71.50","         71.65","         72.31","     294587","            21301260.10","       4138","     165558","         56.20"
"NIITLTD","EQ","24-Oct-2018","         71.65","         72.10","         72.65","         70.50","         71.25","         71.25","         71.37","     350393","            25006353.90","       3657","     161991","         46.23"
"NIITLTD","EQ","25-Oct-2018","         71.25","         70.80","         76.40","         70.05","         72.65","         72.40","         73.02","    1692655","           123603989.05","      14384","     338212","         19.98"
"NIITLTD","EQ","26-Oct-2018","         72.40","         72.70","         73.55","         70.60","         71.10","         71.35","         72.23","     548964","            39650662.80","       5796","     203652","         37.10"
"NIITLTD","EQ","29-Oct-2018","         71.35","         71.75","         72.45","         70.95","         71.80","         71.90","         71.95","     550296","            39592033.75","       2687","     348352","         63.30"
"NIITLTD","EQ","30-Oct-2018","         71.90","         72.35","         75.00","         71.00","         71.40","         71.45","         72.68","     839930","            61047746.90","      16146","     411763","         49.02"
"NIITLTD","EQ","31-Oct-2018","         71.45","         71.60","         73.25","         70.25","         71.25","         71.65","         71.62","     767458","            54964790.35","       8456","     322278","         41.99"
"NIITLTD","EQ","01-Nov-2018","         71.65","         72.05","         75.00","         72.00","         74.20","         74.00","         73.73","     547394","            40359927.15","       4484","     299346","         54.69"
"NIITLTD","EQ","02-Nov-2018","         74.00","         74.50","         75.90","         73.50","         73.90","         73.85","         74.54","     507546","            37832585.15","       4402","     260594","         51.34"
"NIITLTD","EQ","05-Nov-2018","         73.85","         74.40","         75.90","         73.05","         74.70","         74.80","         74.65","     446778","            33353238.90","       5693","     197337","         44.17"
"NIITLTD","EQ","06-Nov-2018","         74.80","         74.75","         75.60","         72.50","         72.90","         73.25","         74.00","     242386","            17937227.60","       2806","     100155","         41.32"
"NIITLTD","EQ","07-Nov-2018","         73.25","         73.90","         73.90","         73.20","         73.60","         73.60","         73.60","      39852","             2932931.20","        445","      27283","         68.46"
"NIITLTD","EQ","09-Nov-2018","         73.60","         73.90","         74.15","         72.60","         73.70","         73.55","         73.40","     235499","            17286800.80","       2676","     104636","         44.43"
"NIITLTD","EQ","12-Nov-2018","         73.55","         73.90","         79.30","         73.85","         78.30","         78.40","         77.34","    1519184","           117493531.60","      12134","     667181","         43.92"
"NIITLTD","EQ","13-Nov-2018","         78.40","         78.00","         85.60","         77.60","         85.40","         84.60","         82.64","    2832452","           234071997.75","      17602","     800806","         28.27"
"NIITLTD","EQ","14-Nov-2018","         84.60","         85.70","         86.20","         83.00","         83.30","         83.70","         84.66","    1808466","           153111937.00","      13117","     573088","         31.69"
"NIITLTD","EQ","15-Nov-2018","         83.70","         83.15","         83.45","         81.15","         81.50","         81.75","         82.33","     380886","            31358109.40","       3269","     161215","         42.33"
"NIITLTD","EQ","16-Nov-2018","         81.75","         81.60","         83.00","         80.00","         80.50","         80.85","         81.41","     379145","            30866752.70","       2841","     156668","         41.32"
"NIITLTD","EQ","19-Nov-2018","         80.85","         80.55","         85.00","         79.50","         83.70","         83.50","         83.03","     919477","            76340930.75","       5828","     297013","         32.30"
"NIITLTD","EQ","20-Nov-2018","         83.50","         83.50","         87.40","         81.60","         84.00","         84.45","         85.13","    1640705","           139673638.15","       9233","     557692","         33.99"
"NIITLTD","EQ","21-Nov-2018","         84.45","         83.55","         85.00","         82.55","         84.60","         84.40","         83.92","     573573","            48133711.90","       3848","     238773","         41.63"
"NIITLTD","EQ","22-Nov-2018","         84.40","         84.65","         87.25","         82.60","         82.85","         83.15","         84.84","     624409","            52974051.70","       4131","     324902","         52.03"
"NIITLTD","EQ","26-Nov-2018","         83.15","         83.50","         83.50","         80.55","         81.50","         82.15","         81.83","     400767","            32792927.75","       3120","     152535","         38.06"
"NIITLTD","EQ","27-Nov-2018","         82.15","         85.00","         85.45","         82.20","         83.25","         83.70","         83.30","    2332188","           194280764.05","       9316","    1198042","         51.37"
"NIITLTD","EQ","28-Nov-2018","         83.70","         83.80","         84.40","         82.45","         82.45","         82.80","         83.45","     393259","            32818482.35","       2990","     147113","         37.41"
"NIITLTD","EQ","29-Nov-2018","         82.80","         83.20","         83.20","         81.00","         81.40","         81.35","         81.94","     268628","            22010762.95","       2067","     137987","         51.37"
"NIITLTD","EQ","30-Nov-2018","         81.35","         81.40","         82.25","         79.20","         79.25","         79.45","         80.66","     390774","            31518407.20","       4012","     197696","         50.59"
"NIITLTD","EQ","03-Dec-2018","         79.45","         81.90","         86.95","         81.90","         86.45","         86.10","         84.81","    1479801","           125503118.30","       8750","     647336","         43.74"
"NIITLTD","EQ","04-Dec-2018","         86.10","         87.00","         93.65","         86.45","         92.50","         92.80","         90.92","    3692645","           335735860.05","      30496","    1242818","         33.66"
"NIITLTD","EQ","05-Dec-2018","         92.80","         92.00","         95.00","         90.80","         92.65","         92.70","         93.12","    1910742","           177923723.20","      17401","     666808","         34.90"
"NIITLTD","EQ","06-Dec-2018","         92.70","         92.35","         92.60","         88.10","         90.10","         89.30","         89.54","     614466","            55021332.95","       4307","     225448","         36.69"
"NIITLTD","EQ","07-Dec-2018","         89.30","         90.05","         91.80","         87.20","         87.35","         87.85","         89.06","     599400","            53382243.15","       5194","     225674","         37.65"
"NIITLTD","EQ","10-Dec-2018","         87.85","         85.00","         85.85","         83.15","         83.85","         84.10","         84.65","     468403","            39648292.65","       4163","     181344","         38.72"
"NIITLTD","EQ","11-Dec-2018","         84.10","         81.55","         87.60","         81.55","         87.05","         86.15","         85.79","     663950","            56961154.35","       7240","     231644","         34.89"
"NIITLTD","EQ","12-Dec-2018","         86.15","         87.45","         91.25","         87.00","         89.00","         88.35","         88.96","    1084856","            96510335.90","       8526","     480357","         44.28"
"NIITLTD","EQ","13-Dec-2018","         88.35","         90.00","         90.80","         88.10","         88.65","         88.90","         89.32","     573587","            51230526.00","       4315","     238923","         41.65"
"NIITLTD","EQ","14-Dec-2018","         88.90","         89.00","         93.00","         87.60","         90.10","         90.25","         90.60","     834090","            75565622.70","       6900","     244619","         29.33"
"NIITLTD","EQ","17-Dec-2018","         90.25","         90.95","         91.80","         89.75","         91.50","         91.35","         90.87","     546952","            49702732.55","       4438","     257201","         47.02"
"NIITLTD","EQ","18-Dec-2018","         91.35","         91.70","         92.40","         89.00","         89.80","         89.75","         90.32","     608572","            54963217.60","       3867","     326741","         53.69"
"NIITLTD","EQ","19-Dec-2018","         89.75","         90.45","         91.00","         89.10","         89.40","         89.45","         89.78","     423369","            38010521.55","       4135","     141212","         33.35"
"NIITLTD","EQ","20-Dec-2018","         89.45","         88.90","         89.60","         87.10","         88.25","         88.60","         88.54","     482461","            42718966.00","       3555","     212440","         44.03"
"NIITLTD","EQ","21-Dec-2018","         88.60","         90.00","         90.90","         88.00","         88.50","         88.60","         89.49","     669018","            59870010.95","       5839","     226291","         33.82"
"NIITLTD","EQ","24-Dec-2018","         88.60","         88.50","         89.15","         87.40","         87.40","         87.65","         88.06","     209224","            18423467.45","       2224","      70013","         33.46"
"NIITLTD","EQ","26-Dec-2018","         87.65","         87.50","         87.70","         84.40","         84.45","         84.65","         85.20","     569637","            48532777.95","       2691","     320744","         56.31"
"NIITLTD","EQ","27-Dec-2018","         84.65","         85.70","         86.40","         84.00","         84.15","         84.35","         85.09","     469621","            39961931.35","       2804","     240407","         51.19"
"NIITLTD","EQ","28-Dec-2018","         84.35","         85.00","         85.65","         84.25","         84.50","         84.60","         84.98","     272654","            23168800.95","       2056","     100524","         36.87"
"NIITLTD","EQ","31-Dec-2018","         84.60","         85.00","         87.45","         84.65","         87.20","         87.00","         86.33","     594426","            51318471.20","       3846","     239603","         40.31"
"NIITLTD","EQ","01-Jan-2019","         87.00","         87.00","         87.30","         85.65","         85.80","         86.00","         86.47","     477909","            41324049.10","       2402","     288775","         60.42"
"NIITLTD","EQ","02-Jan-2019","         86.00","         85.80","         86.70","         84.50","         84.65","         84.85","         85.35","     464683","            39662112.45","       2917","     259622","         55.87"
"NIITLTD","EQ","03-Jan-2019","         84.85","         84.90","         85.25","         83.65","         83.95","         83.95","         84.45","     247617","            20911372.55","       1715","     122277","         49.38"
"NIITLTD","EQ","04-Jan-2019","         83.95","         83.90","         85.30","         82.90","         84.00","         84.30","         84.18","     269607","            22694716.80","       4031","      73822","         27.38"
"NIITLTD","EQ","07-Jan-2019","         84.30","         85.00","         85.70","         84.40","         84.70","         84.85","         85.08","     261195","            22221314.15","       2825","     105778","         40.50"
"NIITLTD","EQ","08-Jan-2019","         84.85","         85.20","         85.20","         83.20","         84.75","         84.15","         84.34","     209237","            17646699.55","       1855","      71103","         33.98"
"NIITLTD","EQ","09-Jan-2019","         84.15","         85.00","         88.40","         84.50","         84.55","         84.75","         86.29","    1006396","            86839796.65","       7005","     322335","         32.03"
"NIITLTD","EQ","10-Jan-2019","         84.75","         85.05","         86.20","         82.65","         82.70","         83.10","         84.29","     772839","            65143216.80","       8072","     353432","         45.73"
"NIITLTD","EQ","11-Jan-2019","         83.10","         83.55","         84.00","         82.45","         82.95","         83.35","         83.26","     523443","            43581875.95","       4552","     171931","         32.85"
"NIITLTD","EQ","14-Jan-2019","         83.35","         83.55","         84.80","         82.00","         83.40","         83.55","         83.26","    1263618","           105209515.50","       5640","     540631","         42.78"
"NIITLTD","EQ","15-Jan-2019","         83.55","         83.80","         84.70","         82.60","         84.40","         84.35","         83.81","    1318380","           110495626.60","       4706","     739178","         56.07"
"NIITLTD","EQ","16-Jan-2019","         84.35","         84.20","         89.30","         84.20","         87.60","         87.65","         87.66","    3044504","           266879636.45","      16066","    1162935","         38.20"
"NIITLTD","EQ","17-Jan-2019","         87.65","         92.00","         92.65","         88.25","         88.80","         88.90","         89.78","    3514287","           315504397.30","      21482","    1203918","         34.26"
"NIITLTD","EQ","18-Jan-2019","         88.90","         89.00","         91.50","         87.60","         91.20","         91.10","         90.00","    1541191","           138710732.35","      10091","     647846","         42.04"
"NIITLTD","EQ","21-Jan-2019","         91.10","         91.90","         96.00","         90.10","         92.80","         93.05","         93.68","    3419404","           320332653.65","      22385","    1204424","         35.22"
"NIITLTD","EQ","22-Jan-2019","         93.05","         93.40","         94.70","         91.50","         93.85","         93.65","         93.24","    1532501","           142891149.50","       9944","     545707","         35.61"
"NIITLTD","EQ","23-Jan-2019","         93.65","         94.00","         94.85","         92.80","         93.50","         93.30","         93.80","     889676","            83450157.30","       4641","     355893","         40.00"
"NIITLTD","EQ","24-Jan-2019","         93.30","         93.35","         93.80","         85.90","         86.10","         86.30","         88.85","    2923428","           259751381.50","      21821","     781468","         26.73"
"NIITLTD","EQ","25-Jan-2019","         86.30","         86.50","         88.65","         82.60","         84.00","         84.20","         84.64","    1155714","            97819952.45","      10004","     503757","         43.59"
"NIITLTD","EQ","28-Jan-2019","         84.20","         84.00","         84.00","         79.70","         82.70","         82.25","         81.39","     649169","            52833997.20","       5329","     228006","         35.12"
"NIITLTD","EQ","29-Jan-2019","         82.25","         82.25","         84.60","         80.70","         82.85","         82.65","         82.80","     500738","            41458976.65","       4914","     191554","         38.25"
"NIITLTD","EQ","30-Jan-2019","         82.65","         83.35","         84.70","         83.00","         83.35","         83.90","         83.98","     498676","            41879978.65","       4579","     222590","         44.64"
"NIITLTD","EQ","31-Jan-2019","         83.90","         83.90","         84.40","         82.55","         83.00","         83.15","         83.31","     320526","            26702875.70","       2428","     178319","         55.63"
"NIITLTD","EQ","01-Feb-2019","         83.15","         83.10","         87.75","         83.10","         86.00","         85.85","         85.52","    1108230","            94780851.30","       9435","     489026","         44.13"
"NIITLTD","EQ","04-Feb-2019","         85.85","         86.45","         91.70","         84.65","         89.60","         90.45","         88.67","    1111427","            98554819.45","       9552","     407976","         36.71"
"NIITLTD","EQ","05-Feb-2019","         90.45","         90.00","         90.40","         87.50","         87.50","         87.95","         88.66","     540562","            47927617.70","       4162","     231477","         42.82"
"NIITLTD","EQ","06-Feb-2019","         87.95","         87.85","         91.00","         85.60","         89.60","         89.30","         88.53","     543780","            48143261.95","       5294","     148407","         27.29"
"NIITLTD","EQ","07-Feb-2019","         89.30","         88.85","         92.60","         88.00","         91.65","         91.90","         91.21","     660728","            60264415.15","       5192","     267231","         40.44"
"NIITLTD","EQ","08-Feb-2019","         91.90","         91.45","         91.45","         87.10","         88.00","         87.70","         89.09","     453257","            40379880.00","       3484","     178964","         39.48"
"NIITLTD","EQ","11-Feb-2019","         87.70","         87.50","         87.70","         84.55","         84.70","         85.05","         85.47","     355267","            30364112.25","       2309","     143432","         40.37"
"NIITLTD","EQ","12-Feb-2019","         85.05","         85.50","         86.20","         82.25","         82.85","         82.85","         84.21","     447569","            37689911.65","       3413","     158532","         35.42"
"NIITLTD","EQ","13-Feb-2019","         82.85","         83.95","         85.00","         80.15","         83.50","         83.05","         83.10","     488066","            40556126.70","       3211","     195801","         40.12"
"NIITLTD","EQ","14-Feb-2019","         83.05","         83.80","         83.80","         81.70","         82.00","         82.00","         82.06","     327370","            26864556.30","       3102","     213722","         65.28"
"NIITLTD","EQ","15-Feb-2019","         82.00","         82.35","         83.50","         81.15","         81.60","         81.85","         81.95","     332158","            27219391.20","       4060","     157479","         47.41"
"NIITLTD","EQ","18-Feb-2019","         81.85","         82.15","         84.25","         80.45","         81.20","         81.45","         82.08","     513758","            42168580.15","      13676","     233274","         45.41"
"NIITLTD","EQ","19-Feb-2019","         81.45","         81.60","         82.20","         80.30","         80.50","         80.65","         81.10","     404142","            32774210.05","      12914","     198851","         49.20"
"NIITLTD","EQ","20-Feb-2019","         80.65","         81.15","         81.25","         78.30","         79.00","         79.15","         79.46","     527180","            41889076.65","       9396","     343690","         65.19"
"NIITLTD","EQ","21-Feb-2019","         79.15","         79.10","         84.65","         78.65","         82.75","         82.40","         82.62","    1591125","           131466694.95","      14666","     819948","         51.53"
"NIITLTD","EQ","22-Feb-2019","         82.40","         82.20","         83.10","         81.25","         81.95","         81.55","         82.14","     765297","            62858593.25","      10650","     422060","         55.15"
"NIITLTD","EQ","25-Feb-2019","         81.55","         82.00","         82.80","         81.40","         81.90","         81.95","         82.16","     557030","            45766030.00","      12360","     330436","         59.32"
"NIITLTD","EQ","26-Feb-2019","         81.95","         80.70","         81.95","         79.30","         81.05","         81.10","         80.47","     824577","            66354284.85","       9940","     432076","         52.40"
"NIITLTD","EQ","27-Feb-2019","         81.10","         81.55","         82.80","         80.00","         81.00","         81.35","         81.71","     849864","            69444982.75","       7282","     459975","         54.12"
"NIITLTD","EQ","28-Feb-2019","         81.35","         81.95","         81.95","         80.05","         80.15","         80.25","         80.68","     290527","            23439985.50","       2937","     165390","         56.93"
"NIITLTD","EQ","01-Mar-2019","         80.25","         80.95","         82.40","         80.00","         80.40","         80.45","         80.95","    1282770","           103837732.15","       7504","     795641","         62.03"
"NIITLTD","EQ","05-Mar-2019","         80.45","         80.50","         85.90","         80.45","         84.10","         84.35","         83.87","    1940051","           162705008.35","       9911","     878060","         45.26"
"NIITLTD","EQ","06-Mar-2019","         84.35","         84.60","         90.40","         83.95","         89.80","         89.30","         87.53","    2220742","           194377478.00","      11882","     843506","         37.98"
"NIITLTD","EQ","07-Mar-2019","         89.30","         90.00","         94.25","         89.20","         90.80","         90.90","         92.33","    4458189","           411611866.15","      22916","    1769907","         39.70"
"NIITLTD","EQ","08-Mar-2019","         90.90","         92.95","         92.95","         89.20","         89.70","         89.95","         90.94","    1388895","           126301736.60","      12690","     552441","         39.78"
"NIITLTD","EQ","11-Mar-2019","         89.95","         92.25","         94.40","         91.25","         91.50","         91.60","         92.15","    2089297","           192526738.20","      26801","     928207","         44.43"
"NIITLTD","EQ","12-Mar-2019","         91.60","         93.00","         95.25","         91.75","         91.80","         91.95","         93.28","    2670653","           249130298.00","      19358","    1253306","         46.93"
"NIITLTD","EQ","13-Mar-2019","         91.95","         92.00","         94.80","         90.50","         92.75","         92.80","         93.37","    2959005","           276294712.65","      13854","    1012810","         34.23"
"NIITLTD","EQ","14-Mar-2019","         92.80","         93.35","         94.20","         91.70","         91.95","         92.00","         92.79","    1187906","           110223472.80","      16041","     553455","         46.59"
"NIITLTD","EQ","15-Mar-2019","         92.00","         92.10","         92.75","         87.45","         88.30","         88.95","         90.32","    1582921","           142974120.25","       7882","     979733","         61.89"
"NIITLTD","EQ","18-Mar-2019","         88.95","         90.10","         90.90","         88.35","         89.70","         89.40","         89.39","     679807","            60771019.65","       5556","     229785","         33.80"
"NIITLTD","EQ","19-Mar-2019","         89.40","         90.00","         91.40","         89.10","         90.80","         90.45","         90.23","    1127077","           101695519.75","      14305","     468617","         41.58"
"NIITLTD","EQ","20-Mar-2019","         90.45","         91.00","         92.00","         90.25","         91.00","         91.05","         91.23","    1234541","           112629620.15","      10253","     512488","         41.51"
"NIITLTD","EQ","22-Mar-2019","         91.05","         91.15","         91.40","         89.35","         89.95","         90.05","         90.31","     572384","            51690331.85","       3046","     325772","         56.91"
"NIITLTD","EQ","25-Mar-2019","         90.05","         88.50","         90.80","         88.25","         89.60","         89.40","         89.55","     699666","            62656788.55","       9795","     408209","         58.34"
"NIITLTD","EQ","26-Mar-2019","         89.40","         89.60","         90.30","         88.90","         89.30","         89.70","         89.69","    1032092","            92571394.50","       5232","     734355","         71.15"
"NIITLTD","EQ","27-Mar-2019","         89.70","         90.30","         92.45","         89.30","         91.70","         91.50","         90.62","    1224083","           110927548.40","      21452","     738888","         60.36"
"NIITLTD","EQ","28-Mar-2019","         91.50","         92.20","         92.40","         89.00","         89.60","         89.70","         90.57","     659195","            59702755.95","       2879","     394496","         59.85"
"NIITLTD","EQ","29-Mar-2019","         89.70","         90.45","         91.60","         89.90","         90.00","         90.40","         90.54","     660976","            59844498.25","       3736","     384679","         58.20"
"NIITLTD","EQ","01-Apr-2019","         90.40","         90.60","         91.95","         89.00","         89.45","         89.35","         90.28","    1089721","            98377314.25","       6947","     606729","         55.68"
"NIITLTD","EQ","02-Apr-2019","         89.35","         89.85","         91.50","         89.20","         90.20","         90.30","         90.46","     891187","            80619371.70","      10193","     357756","         40.14"
"NIITLTD","EQ","03-Apr-2019","         90.30","         91.25","         91.55","         89.20","         90.00","         89.65","         90.54","     868981","            78680473.50","       6989","     338375","         38.94"
"NIITLTD","EQ","04-Apr-2019","         89.65","         90.10","         90.35","         87.20","         88.65","         88.50","         88.34","     933805","            82490990.90","      11280","     518487","         55.52"
"NIITLTD","EQ","05-Apr-2019","         88.50","         89.05","         96.30","         88.85","         95.70","         95.15","         94.19","    7284890","           686184163.30","      30808","    2713925","         37.25"
"NIITLTD","EQ","08-Apr-2019","         95.15","        106.00","        114.15","        102.30","        114.15","        113.90","        110.55","   34248781","          3786367602.10","     123422","    9450263","         27.59"
"NIITLTD","EQ","09-Apr-2019","        113.90","        113.85","        116.50","        106.80","        112.25","        112.65","        112.08","   12297612","          1378322904.50","      91725","    2314959","         18.82"
"NIITLTD","EQ","10-Apr-2019","        112.65","        111.00","        116.00","        110.40","        111.85","        112.00","        112.97","    3551380","           401204858.50","      31430","     920069","         25.91"
"NIITLTD","EQ","11-Apr-2019","        112.00","        111.90","        114.70","        110.55","        112.90","        112.50","        112.67","    2325828","           262056890.65","      29165","     906814","         38.99"
"NIITLTD","EQ","12-Apr-2019","        112.50","        113.10","        116.85","        112.95","        115.10","        114.70","        114.88","    3744351","           430156377.10","      28099","    1320934","         35.28"
"NIITLTD","EQ","15-Apr-2019","        114.70","        115.80","        116.70","        111.20","        112.00","        111.95","        113.86","    2266943","           258108816.45","      23904","    1068720","         47.14"
"NIITLTD","EQ","16-Apr-2019","        111.95","        112.00","        112.90","        108.60","        108.75","        108.95","        110.05","    1677634","           184624517.20","      28493","     965553","         57.55"
"NIITLTD","EQ","18-Apr-2019","        108.95","        108.95","        108.95","        103.00","        105.30","        104.60","        105.03","    2368953","           248805138.65","      24799","    1296577","         54.73"
"NIITLTD","EQ","22-Apr-2019","        104.60","        104.60","        108.00","        102.50","        106.00","        105.20","        105.67","    1780115","           188099746.30","      16687","     562064","         31.57"
"NIITLTD","EQ","23-Apr-2019","        105.20","        106.05","        107.30","        104.10","        106.35","        106.10","        105.70","     748549","            79123558.35","       5423","     229788","         30.70"
"NIITLTD","EQ","24-Apr-2019","        106.10","        106.05","        112.50","        104.35","        112.30","        111.70","        109.29","    2428482","           265403728.90","      21318","     961655","         39.60"
"NIITLTD","EQ","25-Apr-2019","        111.70","        112.30","        112.55","        109.30","        110.20","        110.25","        110.82","    1022460","           113312236.55","       7302","     334406","         32.71"
"NIITLTD","EQ","26-Apr-2019","        110.25","        112.00","        112.50","        108.10","        110.05","        110.50","        110.41","     873073","            96399005.60","       8525","     230974","         26.46"
"NIITLTD","EQ","30-Apr-2019","        110.50","        110.65","        110.65","        105.10","        105.20","        105.55","        106.39","     490089","            52138678.60","       4727","     193358","         39.45"
"NIITLTD","EQ","02-May-2019","        105.55","        105.55","        107.40","        103.45","        104.80","        104.90","        105.41","     544658","            57410488.15","       7096","     178180","         32.71"
"NIITLTD","EQ","03-May-2019","        104.90","        105.00","        106.20","        104.10","        104.80","        104.85","        104.98","     437404","            45917063.00","       5121","     169295","         38.70"
"NIITLTD","EQ","06-May-2019","        104.85","        105.70","        105.70","        103.25","        103.75","        103.60","        103.97","     251572","            26155595.60","       2019","      90021","         35.78"
"NIITLTD","EQ","07-May-2019","        103.60","        103.75","        104.70","         99.30","        100.15","        100.10","        101.31","     617254","            62533156.10","       3597","     370233","         59.98"
"NIITLTD","EQ","08-May-2019","        100.10","         99.50","        102.70","         98.85","        100.45","        100.40","        101.07","     695404","            70282486.80","       8210","     211925","         30.48"
"NIITLTD","EQ","09-May-2019","        100.40","        100.85","        103.65","        100.00","        100.60","        100.35","        101.44","     639940","            64912999.60","       4779","     125024","         19.54"
"NIITLTD","EQ","10-May-2019","        100.35","        101.00","        102.40","        100.05","        100.70","        100.40","        100.94","     335319","            33846236.60","       2165","     120485","         35.93"
"NIITLTD","EQ","13-May-2019","        100.40","        100.20","        101.15","         99.50","        100.60","        100.00","        100.08","     450453","            45083381.95","       8270","     237578","         52.74"
"NIITLTD","EQ","14-May-2019","        100.00","         99.60","        103.70","         98.65","        102.55","        102.60","        101.52","     575979","            58472114.70","       3885","     226169","         39.27"
"NIITLTD","EQ","15-May-2019","        102.60","        103.40","        105.00","        102.50","        103.80","        103.95","        104.01","    1007169","           104753809.40","      20172","     712004","         70.69"
"NIITLTD","EQ","16-May-2019","        103.95","        103.70","        106.90","        102.00","        102.80","        102.85","        104.19","    1895473","           197484392.85","      13172","     746262","         39.37"
"NIITLTD","EQ","17-May-2019","        102.85","        102.85","        104.20","        100.40","        100.75","        100.85","        101.90","     529269","            53934760.30","      10679","     268631","         50.76"
"NIITLTD","EQ","20-May-2019","        100.85","        105.00","        105.00","        102.20","        102.40","        102.90","        103.16","     727184","            75017613.70","       6569","     400876","         55.13"
"NIITLTD","EQ","21-May-2019","        102.90","        102.55","        103.80","        100.95","        101.80","        101.60","        102.12","     532884","            54415554.25","       8747","     280125","         52.57"
"NIITLTD","EQ","22-May-2019","        101.60","        101.50","        102.20","        100.25","        100.50","        100.50","        100.90","     300247","            30294828.35","       2466","     131969","         43.95"
"NIITLTD","EQ","23-May-2019","        100.50","        100.60","        102.85","         99.00","        100.00","         99.95","        100.42","     585312","            58779734.15","       3594","     291919","         49.87"
"NIITLTD","EQ","24-May-2019","         99.95","        100.20","        103.40","         99.50","        102.00","        102.20","        101.83","     726167","            73943277.25","       4456","     222892","         30.69"
"NIITLTD","EQ","27-May-2019","        102.20","        103.50","        103.80","         97.50","        100.70","        100.80","        100.47","    1221231","           122694351.65","       6697","     513820","         42.07"
"NIITLTD","EQ","28-May-2019","        100.80","        101.20","        108.00","        101.20","        107.00","        107.30","        105.30","    1928506","           203072650.85","      15142","     780459","         40.47"
"NIITLTD","EQ","29-May-2019","        107.30","        107.90","        110.35","        107.00","        108.40","        108.65","        108.86","    1767629","           192430927.15","      10885","     809101","         45.77"
"NIITLTD","EQ","30-May-2019","        108.65","        108.30","        109.85","        106.40","        106.90","        106.95","        108.05","     808899","            87397731.95","       7341","     262834","         32.49"
"NIITLTD","EQ","31-May-2019","        106.95","        107.30","        108.95","        104.10","        105.00","        105.55","        106.38","     841347","            89502777.10","       6688","     351470","         41.77"
"NIITLTD","EQ","03-Jun-2019","        105.55","        104.70","        106.65","        103.50","        104.95","        104.65","        105.01","     723621","            75985226.55","       3589","     335675","         46.39"
"NIITLTD","EQ","04-Jun-2019","        104.65","        104.75","        106.85","        103.55","        103.85","        103.95","        105.28","     543731","            57245654.00","       8940","     287627","         52.90"
"NIITLTD","EQ","06-Jun-2019","        103.95","        103.95","        105.35","        103.10","        104.20","        104.60","        104.17","     488776","            50914735.80","       9950","     254089","         51.98"
"NIITLTD","EQ","07-Jun-2019","        104.60","        104.20","        107.85","        103.95","        106.80","        106.75","        106.51","     830276","            88435506.20","       9578","     384831","         46.35"
"NIITLTD","EQ","10-Jun-2019","        106.75","        107.10","        107.80","        103.55","        104.00","        103.75","        104.99","     229342","            24079219.65","       2150","     124542","         54.30"
"NIITLTD","EQ","11-Jun-2019","        103.75","        104.40","        107.00","        103.40","        106.70","        106.40","        105.65","     789548","            83413207.40","       5598","     260862","         33.04"
"NIITLTD","EQ","12-Jun-2019","        106.40","        105.80","        107.40","        104.65","        105.25","        104.95","        106.03","     287580","            30493384.35","       2197","      83750","         29.12"
"NIITLTD","EQ","13-Jun-2019","        104.95","        104.50","        106.75","        104.05","        105.50","        105.85","        105.39","     369120","            38899933.50","       3374","     107552","         29.14"
"NIITLTD","EQ","14-Jun-2019","        105.85","        105.05","        106.00","        104.00","        104.60","        104.85","        104.91","     298094","            31272445.95","       1689","     172194","         57.76"
"NIITLTD","EQ","17-Jun-2019","        104.85","        103.65","        106.25","        103.65","        104.80","        104.90","        105.24","     324565","            34156758.30","       7691","     149097","         41.19"
"NIITLTD","EQ","18-Jun-2019","        104.90","        105.00","        106.00","        103.75","        104.80","        104.50","        104.97","     395248","            41490307.00","       5062","     227766","         55.63"
"NIITLTD","EQ","19-Jun-2019","        104.50","        105.00","        107.70","        103.10","        104.50","        104.60","        105.75","     668834","            70730650.90","       9564","     301376","         45.06"
"NIITLTD","EQ","20-Jun-2019","        104.60","        104.90","        106.00","        102.55","        103.60","        103.45","        103.79","     441521","            45827663.90","       4600","     258874","         58.63"
"NIITLTD","EQ","21-Jun-2019","        103.45","        103.50","        104.65","        103.10","        104.20","        104.10","        103.97","     140666","            14625604.60","       1387","      59392","         42.22"
"NIITLTD","EQ","24-Jun-2019","        104.10","        104.10","        105.50","        103.20","        103.50","        103.40","        103.99","     267692","            27838405.35","       2516","     136784","         51.10"
"NIITLTD","EQ","25-Jun-2019","        103.40","        103.40","        104.35","        102.40","        103.25","        103.40","        103.31","     164969","            17042591.95","       1185","      79099","         47.95"
"NIITLTD","EQ","26-Jun-2019","        103.40","        103.40","        104.25","        102.50","        102.80","        102.80","        103.18","     213655","            22045449.80","       1898","     128976","         60.37"
"NIITLTD","EQ","27-Jun-2019","        102.80","        103.65","        106.20","        103.10","        104.20","        104.35","        104.44","     312064","            32591651.45","       2366","     143106","         45.86"
"NIITLTD","EQ","28-Jun-2019","        104.35","        104.25","        104.35","        102.45","        102.70","        103.05","        103.27","     133143","            13749675.95","       1145","      74662","         56.08"
"NIITLTD","EQ","01-Jul-2019","        103.05","        102.80","        104.10","        102.30","        102.95","        103.25","        103.01","     200584","            20661273.35","       1797","     100845","         50.28"
"NIITLTD","EQ","02-Jul-2019","        103.25","        103.20","        105.20","        102.40","        104.40","        104.65","        104.04","     313486","            32616391.55","       4347","     150905","         48.14"
"NIITLTD","EQ","03-Jul-2019","        104.65","        104.65","        106.60","        103.90","        104.50","        104.45","        104.77","     559794","            58650937.00","       3244","     334002","         59.67"
"NIITLTD","EQ","04-Jul-2019","        104.45","        104.90","        105.50","        104.10","        104.75","        104.40","        104.59","     110323","            11539047.10","       1192","      52298","         47.40"
"NIITLTD","EQ","05-Jul-2019","        104.40","        104.30","        105.00","         99.00","        101.40","        101.75","        102.74","     318630","            32736081.80","       3842","     149743","         47.00"
"NIITLTD","EQ","08-Jul-2019","        101.75","        101.00","        102.80","        100.20","        100.55","        100.45","        101.04","     210666","            21285235.30","       1537","     132427","         62.86"
"NIITLTD","EQ","09-Jul-2019","        100.45","        100.40","        101.80","         99.40","         99.75","         99.90","        100.31","     176342","            17689282.90","       1711","      79352","         45.00"
"NIITLTD","EQ","10-Jul-2019","         99.90","         99.40","        100.00","         96.20","         96.65","         96.80","         97.38","     373840","            36403276.40","       2505","     253315","         67.76"
"NIITLTD","EQ","11-Jul-2019","         96.80","         97.00","         98.80","         96.15","         98.15","         98.25","         97.59","     185529","            18106088.05","       1944","      85734","         46.21"
"NIITLTD","EQ","12-Jul-2019","         98.25","         98.25","        101.40","         98.05","         99.30","         99.75","         99.96","     208006","            20792052.70","       2889","      72187","         34.70"
"NIITLTD","EQ","15-Jul-2019","         99.75","         99.60","        100.35","         98.00","         99.25","         99.00","         99.05","     121672","            12052068.45","       1616","      50949","         41.87"
"NIITLTD","EQ","16-Jul-2019","         99.00","         99.40","        100.50","         98.25","         99.95","         99.85","         99.47","     180935","            17997174.70","       2371","      62119","         34.33"
"NIITLTD","EQ","17-Jul-2019","         99.85","        100.40","        100.55","         99.15","        100.20","        100.05","         99.91","     111079","            11097587.90","       2106","      62186","         55.98"
"NIITLTD","EQ","18-Jul-2019","        100.05","         99.20","        100.35","         98.75","         99.15","         99.40","         99.36","     141456","            14055259.05","       3363","      83566","         59.08"
"NIITLTD","EQ","19-Jul-2019","         99.40","         99.30","         99.50","         97.35","         98.15","         97.60","         98.13","     186328","            18284129.10","       3929","     111570","         59.88"
"NIITLTD","EQ","22-Jul-2019","         97.60","         96.25","         97.55","         94.40","         96.10","         95.30","         95.60","     382322","            36549132.15","       6827","     251126","         65.68"
"NIITLTD","EQ","23-Jul-2019","         95.30","         95.15","         99.00","         95.10","         97.70","         97.85","         97.65","     228040","            22269071.85","       4819","      87586","         38.41"
"NIITLTD","EQ","24-Jul-2019","         97.85","         97.85","         97.95","         96.75","         97.15","         97.30","         97.24","     154397","            15014173.75","       1299","      99915","         64.71"
"NIITLTD","EQ","25-Jul-2019","         97.30","         97.05","         98.95","         96.50","         98.05","         98.45","         98.02","     127271","            12475235.80","       1145","      65602","         51.55"
"NIITLTD","EQ","26-Jul-2019","         98.45","         98.45","        102.00","         97.40","        101.40","        101.30","        100.33","     348044","            34920835.75","       2918","     170256","         48.92"
"NIITLTD","EQ","29-Jul-2019","        101.30","        101.90","        103.00","         99.00","        100.00","        100.25","        100.71","     485375","            48880634.40","       3942","     348444","         71.79"
"NIITLTD","EQ","30-Jul-2019","        100.25","         95.00","         95.00","         91.25","         91.30","         91.65","         92.66","     336355","            31165651.55","       3423","     170431","         50.67"
"NIITLTD","EQ","31-Jul-2019","         91.65","         91.25","         91.30","         87.65","         90.70","         90.50","         89.54","     220103","            19707234.10","       2244","      79244","         36.00"
"NIITLTD","EQ","01-Aug-2019","         90.50","         89.55","         90.75","         88.00","         90.25","         90.55","         89.91","     137383","            12352106.90","       2222","      65441","         47.63"
"NIITLTD","EQ","02-Aug-2019","         90.55","         89.60","         90.65","         86.20","         89.25","         89.40","         88.33","     233210","            20598893.30","       4615","      80929","         34.70"
"NIITLTD","EQ","05-Aug-2019","         89.40","         94.90","         94.90","         91.00","         94.20","         94.15","         92.78","     596857","            55376822.00","       5133","     257956","         43.22"
"NIITLTD","EQ","06-Aug-2019","         94.15","         93.00","         99.45","         93.00","         98.90","         98.85","         96.92","     411319","            39866166.10","       4330","     231155","         56.20"
"NIITLTD","EQ","07-Aug-2019","         98.85","         98.00","         99.30","         96.25","         96.50","         96.70","         97.40","     311013","            30292223.90","       4613","     191291","         61.51"
"NIITLTD","EQ","08-Aug-2019","         96.70","         96.90","         97.30","         95.10","         95.90","         95.90","         96.02","     146602","            14077092.75","       1146","      80180","         54.69"
"NIITLTD","EQ","09-Aug-2019","         95.90","         95.50","         98.70","         95.50","         97.65","         97.95","         97.94","     657174","            64363018.00","       2686","     544257","         82.82"
"NIITLTD","EQ","13-Aug-2019","         97.95","        100.00","        100.80","         95.60","         96.40","         96.70","         98.30","    1302517","           128043676.50","      12170","     642225","         49.31"
"NIITLTD","EQ","14-Aug-2019","         96.70","         97.20","         97.30","         95.60","         95.90","         95.90","         96.55","     540354","            52172750.60","       3171","     413461","         76.52"
"NIITLTD","EQ","16-Aug-2019","         95.90","         95.90","         96.75","         90.00","         93.00","         93.35","         93.50","     777715","            72712536.50","      10513","     527211","         67.79"
"NIITLTD","EQ","19-Aug-2019","         93.35","         93.60","         95.00","         93.00","         93.65","         93.85","         94.11","     268434","            25263509.10","       4435","     149022","         55.52"
"NIITLTD","EQ","20-Aug-2019","         93.85","         94.25","         94.25","         92.35","         92.80","         92.85","         93.02","     155204","            14437341.20","       1714","      88662","         57.13"
"NIITLTD","EQ","21-Aug-2019","         92.85","         93.00","         93.00","         91.00","         91.00","         91.35","         91.89","     241116","            22155834.75","       1770","     152143","         63.10"
"NIITLTD","EQ","22-Aug-2019","         91.35","         90.60","         90.95","         86.90","         87.50","         87.60","         89.01","     262157","            23335851.90","       4265","     156321","         59.63"
"NIITLTD","EQ","23-Aug-2019","         87.60","         87.45","         89.00","         84.40","         88.30","         88.20","         87.82","     183603","            16123481.70","       4302","      88021","         47.94"
"NIITLTD","EQ","26-Aug-2019","         88.20","         90.10","         90.70","         88.40","         89.70","         90.00","         89.58","     171026","            15321198.95","       1748","      94164","         55.06"
"NIITLTD","EQ","27-Aug-2019","         90.00","         90.40","         92.00","         89.70","         91.65","         91.60","         91.52","     164743","            15078088.15","       2002","      87823","         53.31"
"NIITLTD","EQ","28-Aug-2019","         91.60","         91.75","         92.90","         91.00","         91.80","         92.10","         91.97","     157672","            14501868.55","       2244","      52353","         33.20"
"NIITLTD","EQ","29-Aug-2019","         92.10","         92.70","         92.70","         90.90","         91.00","         91.10","         91.64","     199647","            18295671.35","       3675","      55252","         27.67"
"NIITLTD","EQ","30-Aug-2019","         91.10","         91.25","         92.00","         89.70","         91.45","         91.70","         91.31","     170647","            15581383.20","       1839","      69192","         40.55"
"NIITLTD","EQ","03-Sep-2019","         91.70","         90.75","         91.80","         90.20","         90.50","         90.95","         91.05","      68312","             6219652.55","       1371","      29054","         42.53"
"NIITLTD","EQ","04-Sep-2019","         90.95","         91.40","         92.80","         90.65","         92.50","         92.55","         91.91","     177952","            16355851.05","       2355","      98426","         55.31"
"NIITLTD","EQ","05-Sep-2019","         92.55","         93.90","         94.50","         93.30","         93.70","         94.05","         94.03","     276767","            26023829.65","       3102","      91153","         32.93"
"NIITLTD","EQ","06-Sep-2019","         94.05","         93.80","         94.50","         92.90","         93.90","         94.15","         93.90","      94045","             8831243.25","       1450","      36053","         38.34"
"NIITLTD","EQ","09-Sep-2019","         94.15","         93.90","         94.75","         91.65","         93.40","         93.65","         93.35","     234701","            21909627.20","       2325","     125525","         53.48"
"NIITLTD","EQ","11-Sep-2019","         93.65","         93.35","         95.95","         93.35","         95.60","         95.45","         95.05","     625556","            59456244.50","       6236","     223091","         35.66"
"NIITLTD","EQ","12-Sep-2019","         95.45","         95.60","         97.00","         93.55","         93.80","         93.75","         95.58","     562585","            53769421.20","       5890","     154993","         27.55"
"NIITLTD","EQ","13-Sep-2019","         93.75","         93.95","         94.60","         92.40","         92.60","         92.70","         93.31","     183128","            17088555.90","       1780","      82960","         45.30"
"NIITLTD","EQ","16-Sep-2019","         92.70","         92.25","         93.95","         91.60","         91.75","         91.95","         92.55","     424263","            39265449.80","       3348","     271826","         64.07"
"NIITLTD","EQ","17-Sep-2019","         91.95","         91.95","         92.40","         90.35","         90.50","         90.65","         91.20","     236133","            21534844.40","       2825","     145156","         61.47"
"NIITLTD","EQ","18-Sep-2019","         90.65","         90.65","         91.05","         83.45","         88.00","         88.20","         86.34","    2303834","           198902510.25","       7566","    1906201","         82.74"
"NIITLTD","EQ","19-Sep-2019","         88.20","         88.90","         88.90","         87.10","         88.00","         88.05","         87.83","     124142","            10902833.25","       2129","      59507","         47.93"
"NIITLTD","EQ","20-Sep-2019","         88.05","         88.45","         95.50","         88.45","         95.00","         94.50","         92.36","     847497","            78274012.45","       9281","     571369","         67.42"
"NIITLTD","EQ","23-Sep-2019","         94.50","         95.95","         96.45","         91.50","         91.90","         91.70","         92.64","     234049","            21682581.85","       1774","     144287","         61.65"
"NIITLTD","EQ","24-Sep-2019","         91.70","         91.75","         92.95","         89.00","         90.60","         90.45","         91.06","     232239","            21147546.25","       1844","     107745","         46.39"
"NIITLTD","EQ","25-Sep-2019","         90.45","         90.30","         91.40","         89.10","         89.50","         89.55","         89.96","     229373","            20633656.20","       3626","     132499","         57.77"
"NIITLTD","EQ","26-Sep-2019","         89.55","         89.50","         90.95","         88.90","         90.00","         89.15","         89.54","     223842","            20042643.70","       1741","     116690","         52.13"
"NIITLTD","EQ","27-Sep-2019","         89.15","         89.50","         90.95","         89.50","         90.55","         90.60","         90.08","     193830","            17460541.90","       1776","     112189","         57.88"
"NIITLTD","EQ","30-Sep-2019","         90.60","         90.95","         91.60","         89.50","         91.10","         91.35","         90.56","     201527","            18249982.75","       1385","     129487","         64.25"
"NIITLTD","EQ","01-Oct-2019","         91.35","         91.10","         91.45","         89.75","         90.50","         90.45","         90.62","     347999","            31534136.80","       1711","     280007","         80.46"
"NIITLTD","EQ","03-Oct-2019","         90.45","         90.05","         91.45","         89.55","         89.60","         89.80","         90.03","     227415","            20474848.25","       1497","     161507","         71.02"
"NIITLTD","EQ","04-Oct-2019","         89.80","         90.00","         91.25","         89.60","         90.70","         90.70","         90.25","     124978","            11278771.30","       1978","      75374","         60.31"
"NIITLTD","EQ","07-Oct-2019","         90.70","         92.20","         92.55","         90.00","         90.55","         90.15","         90.84","     381137","            34623815.25","       4655","     266983","         70.05"
"NIITLTD","EQ","09-Oct-2019","         90.15","         91.25","         92.55","         90.05","         90.40","         90.40","         90.93","     572172","            52030405.65","       6952","     330415","         57.75"
"NIITLTD","EQ","10-Oct-2019","         90.40","         90.45","         91.00","         90.30","         90.55","         90.60","         90.67","     481211","            43632029.50","       6658","     411831","         85.58"
"NIITLTD","EQ","11-Oct-2019","         90.60","         90.85","         91.10","         89.10","         89.80","         89.80","         90.36","    1657984","           149808723.50","      16745","    1475980","         89.02"
"NIITLTD","EQ","14-Oct-2019","         89.80","         90.70","         91.00","         86.00","         87.30","         86.95","         87.57","    1500510","           131402781.05","      16152","    1018963","         67.91"
"NIITLTD","EQ","15-Oct-2019","         86.95","         87.80","         88.70","         83.20","         85.10","         85.00","         84.66","    2921454","           247333507.25","      23105","    2339164","         80.07"
"NIITLTD","EQ","16-Oct-2019","         85.00","         85.95","         87.80","         84.20","         87.30","         87.00","         86.09","    1733852","           149262277.90","      11323","    1045094","         60.28"
"NIITLTD","EQ","17-Oct-2019","         87.00","         76.00","         81.80","         74.00","         78.15","         78.05","         78.28","    1589409","           124416656.20","      12924","     655165","         41.22"
"NIITLTD","EQ","18-Oct-2019","         78.05","         78.70","         84.80","         76.65","         83.90","         83.50","         81.13","    1043273","            84640223.45","       5815","     518027","         49.65"
"NIITLTD","EQ","22-Oct-2019","         83.50","         82.05","         85.50","         81.50","         85.10","         84.70","         83.86","     618753","            51890944.75","       6311","     331645","         53.60"
"NIITLTD","EQ","23-Oct-2019","         84.70","         85.10","         87.75","         84.70","         86.40","         86.10","         86.33","     591598","            51071935.10","       4845","     289281","         48.90"
"NIITLTD","EQ","24-Oct-2019","         86.10","         86.90","         93.00","         85.50","         90.25","         89.95","         90.49","    2480032","           224410051.20","      15698","    1015816","         40.96"
"NIITLTD","EQ","25-Oct-2019","         89.95","         90.80","         94.40","         90.25","         93.05","         93.40","         92.87","    1216610","           112981042.50","       7223","     687015","         56.47"
"NIITLTD","EQ","27-Oct-2019","         93.40","         93.45","         94.15","         92.00","         92.75","         92.50","         93.03","      87651","             8154606.55","        840","      46109","         52.61"
"NIITLTD","EQ","29-Oct-2019","         92.50","         92.00","         95.00","         91.95","         94.30","         94.65","         94.13","     441938","            41600846.55","       7470","     240499","         54.42"
"NIITLTD","EQ","30-Oct-2019","         94.65","         94.05","         97.90","         94.05","         96.25","         96.50","         96.52","     833288","            80431865.50","       9194","     304848","         36.58"
"NIITLTD","EQ","31-Oct-2019","         96.50","         96.50","         99.80","         96.10","         98.30","         98.25","         98.35","     766321","            75364613.35","       9368","     390790","         51.00"
"NIITLTD","EQ","01-Nov-2019","         98.25","         98.00","         98.95","         95.55","         96.90","         96.40","         97.17","     382070","            37125704.45","      10633","     187601","         49.10"
"NIITLTD","EQ","04-Nov-2019","         96.40","         96.40","         98.85","         96.05","         97.90","         97.65","         97.58","     399170","            38952122.10","       7197","     212557","         53.25"
"NIITLTD","EQ","05-Nov-2019","         97.65","         97.95","         98.50","         96.75","         97.25","         97.45","         97.65","     224532","            21924926.75","       5181","     110379","         49.16"
"NIITLTD","EQ","06-Nov-2019","         97.45","         97.20","         98.45","         97.00","         98.00","         97.90","         97.83","     236210","            23109259.60","       3253","     108582","         45.97"
"NIITLTD","EQ","07-Nov-2019","         97.90","         97.05","        101.35","         97.00","        100.25","        100.45","        100.16","     675201","            67629921.10","       8600","     332230","         49.20"
"NIITLTD","EQ","08-Nov-2019","        100.45","        100.00","        102.00","        100.00","        100.00","        100.40","        101.07","     436371","            44106113.10","       5235","     198562","         45.50"
"NIITLTD","EQ","11-Nov-2019","        100.40","        100.00","        101.80","         99.00","        101.40","        101.00","        100.36","     250620","            25151286.05","       4498","     122678","         48.95"
"NIITLTD","EQ","13-Nov-2019","        101.00","        101.70","        103.90","        101.70","        103.15","        103.15","        103.08","     554786","            57187181.75","       7912","     372690","         67.18"
"NIITLTD","EQ","14-Nov-2019","        103.15","        103.00","        103.75","        100.60","        102.40","        102.55","        102.30","     282370","            28887574.60","       5784","     149804","         53.05"
"NIITLTD","EQ","15-Nov-2019","        102.55","        102.30","        103.25","        101.35","        102.50","        102.50","        102.31","     305380","            31242528.70","       3718","     170994","         55.99"
"NIITLTD","EQ","18-Nov-2019","        102.50","        103.00","        104.50","        102.10","        103.75","        104.00","        103.60","     662497","            68631744.85","       9353","     359563","         54.27"
"NIITLTD","EQ","19-Nov-2019","        104.00","        103.10","        104.40","        101.30","        102.00","        102.10","        102.97","     274394","            28254286.85","       3614","     168838","         61.53"
"NIITLTD","EQ","20-Nov-2019","        102.10","        102.10","        102.45","        100.25","        100.50","        100.85","        101.44","     261036","            26478199.20","       5365","     126294","         48.38"
"NIITLTD","EQ","21-Nov-2019","        100.85","        101.50","        103.20","        100.50","        102.80","        102.70","        102.40","     458726","            46973711.75","       4413","     256419","         55.90"
"NIITLTD","EQ","22-Nov-2019","        102.70","        103.15","        103.50","        102.35","        102.70","        102.95","        103.02","     246914","            25437823.90","       3538","     135165","         54.74"
"NIITLTD","EQ","25-Nov-2019","        102.95","        103.45","        104.95","        103.00","        104.60","        104.40","        103.92","     436887","            45400539.10","       6687","     230607","         52.78"
"NIITLTD","EQ","26-Nov-2019","        104.40","        104.95","        109.80","        104.35","        109.00","        108.80","        107.85","    1864317","           201074956.15","      16517","     757586","         40.64"
"NIITLTD","EQ","27-Nov-2019","        108.80","        108.80","        109.20","        105.10","        106.35","        106.45","        106.75","     444804","            47480626.65","       7930","     216127","         48.59"
"NIITLTD","EQ","28-Nov-2019","        106.45","        106.05","        108.00","        105.25","        105.40","        105.65","        106.18","     365018","            38756899.65","       5941","     173401","         47.50"
"NIITLTD","EQ","29-Nov-2019","        105.65","        106.00","        106.65","        105.00","        105.75","        105.95","        105.77","     287096","            30366930.70","       3038","     144737","         50.41"
"NIITLTD","EQ","02-Dec-2019","        105.95","        106.00","        108.45","        106.00","        106.95","        106.85","        107.17","     418455","            44847181.80","       4030","     208150","         49.74"
"NIITLTD","EQ","03-Dec-2019","        106.85","        107.00","        107.95","        106.30","        106.60","        106.90","        107.03","     310649","            33248176.30","       2820","     193765","         62.37"
"NIITLTD","EQ","04-Dec-2019","        106.90","        106.50","        107.65","        104.50","        105.45","        105.95","        106.40","     338494","            36017422.75","       6732","     149917","         44.29"
"NIITLTD","EQ","05-Dec-2019","        105.95","        104.35","        106.30","        103.65","        104.50","        104.90","        104.67","     224094","            23455138.65","       5033","      87165","         38.90"
"NIITLTD","EQ","06-Dec-2019","        104.90","        104.70","        105.30","        103.40","        103.95","        104.25","        104.53","     152036","            15891731.80","       2862","      81053","         53.31"
"NIITLTD","EQ","09-Dec-2019","        104.25","        104.90","        104.90","        101.60","        101.75","        102.25","        102.59","     134412","            13789297.75","       3466","      70117","         52.17"
"NIITLTD","EQ","10-Dec-2019","        102.25","        101.75","        102.80","         99.10","        101.20","        101.50","        100.34","     179733","            18034717.75","       5387","      58735","         32.68"
"NIITLTD","EQ","11-Dec-2019","        101.50","        101.30","        105.15","        100.25","        104.40","        104.50","        102.60","     336126","            34485730.90","       5538","     105320","         31.33"
"NIITLTD","EQ","12-Dec-2019","        104.50","        104.00","        105.95","        103.10","        105.45","        105.65","        104.71","     250847","            26266474.85","       3362","      77195","         30.77"
"NIITLTD","EQ","13-Dec-2019","        105.65","        105.50","        106.00","        104.50","        105.00","        105.60","        105.44","     203012","            21406109.45","       5033","      95161","         46.87"
"NIITLTD","EQ","16-Dec-2019","        105.60","        103.95","        104.20","         93.00","         98.15","         98.50","         97.97","    1710197","           167553946.20","      16044","     868571","         50.79"
"NIITLTD","EQ","17-Dec-2019","         98.50","         99.40","        103.80","         97.50","        100.85","        100.80","        101.30","    1987081","           201289927.80","      20859","    1241369","         62.47"
"NIITLTD","EQ","18-Dec-2019","        100.80","         99.90","        100.00","         98.55","         98.75","         98.85","         99.21","     522252","            51813979.95","       8036","     349530","         66.93"
"NIITLTD","EQ","19-Dec-2019","         98.85","         98.05","         98.85","         95.85","         96.00","         96.20","         97.72","     991244","            96868321.85","       6708","     841207","         84.86"
"NIITLTD","EQ","20-Dec-2019","         96.20","         96.10","         97.15","         95.40","         95.70","         96.05","         96.41","     234609","            22619686.80","       3411","     116790","         49.78"
"NIITLTD","EQ","23-Dec-2019","         96.05","         96.05","         96.85","         93.15","         94.15","         93.80","         95.03","     378322","            35952358.35","       4160","     244191","         64.55"
"NIITLTD","EQ","24-Dec-2019","         93.80","         93.10","         95.40","         93.10","         94.25","         94.55","         94.87","     444107","            42131652.45","       2501","     280738","         63.21"
"NIITLTD","EQ","26-Dec-2019","         94.55","         94.90","         95.00","         93.40","         93.55","         93.70","         94.24","     162548","            15317874.65","       2236","      54811","         33.72"
"NIITLTD","EQ","27-Dec-2019","         93.70","         94.35","         94.65","         93.10","         93.40","         93.60","         93.82","     211291","            19822787.15","       2165","     118348","         56.01"
"NIITLTD","EQ","30-Dec-2019","         93.60","         95.00","         95.00","         92.50","         92.80","         93.10","         93.45","     188583","            17623894.45","       1876","      94959","         50.35"
"NIITLTD","EQ","31-Dec-2019","         93.10","         93.10","         95.25","         92.50","         93.85","         93.75","         93.74","     286550","            26860842.25","       5087","      92553","         32.30"
"NIITLTD","EQ","01-Jan-2020","         93.75","         93.75","         94.45","         93.40","         94.10","         93.85","         93.89","     118407","            11117647.70","       1835","      43175","         36.46"
"NIITLTD","EQ","02-Jan-2020","         93.85","         93.90","         95.50","         93.60","         93.80","         93.95","         94.50","     393351","            37169872.40","       4276","     175001","         44.49"
"NIITLTD","EQ","03-Jan-2020","         93.95","         94.00","         94.85","         93.60","         93.80","         93.85","         94.28","     413697","            39002489.95","       2741","     288916","         69.84"
"NIITLTD","EQ","06-Jan-2020","         93.85","         93.60","         93.75","         91.10","         92.80","         92.45","         92.56","     224656","            20793187.95","       2854","     120279","         53.54"
"NIITLTD","EQ","07-Jan-2020","         92.45","         92.95","         93.75","         92.80","         93.35","         93.35","         93.25","     109344","            10196339.30","       2032","      38588","         35.29"
"NIITLTD","EQ","08-Jan-2020","         93.35","         91.80","         98.80","         91.80","         97.90","         97.65","         96.31","    1575879","           151765777.85","      11319","     553186","         35.10"
"NIITLTD","EQ","09-Jan-2020","         97.65","        104.30","        112.50","        101.35","        101.95","        102.15","        106.23","    5270823","           559933391.05","      40545","    1589721","         30.16"
"NIITLTD","EQ","10-Jan-2020","        102.15","        103.50","        104.70","        101.50","        103.00","        102.50","        102.63","     608930","            62497093.10","       7352","     201773","         33.14"
"NIITLTD","EQ","13-Jan-2020","        102.50","        103.90","        103.90","        101.85","        101.90","        102.20","        102.65","     350458","            35975785.25","       5578","     134403","         38.35"
"NIITLTD","EQ","14-Jan-2020","        102.20","        102.10","        103.50","        100.65","        102.45","        102.80","        102.72","     320436","            32915824.05","       8056","     165694","         51.71"
"NIITLTD","EQ","15-Jan-2020","        102.80","        103.00","        104.30","        101.80","        103.00","        102.90","        103.01","     342656","            35297689.70","       5572","     166366","         48.55"
"NIITLTD","EQ","16-Jan-2020","        102.90","        102.80","        104.50","        102.40","        103.35","        103.15","        103.39","     308332","            31877021.60","       4692","     176624","         57.28"
"NIITLTD","EQ","17-Jan-2020","        103.15","        103.00","        108.50","        102.45","        103.85","        103.75","        105.54","    1177817","           124303418.20","      22036","     546796","         46.42"
"NIITLTD","EQ","20-Jan-2020","        103.75","        104.45","        104.60","        100.50","        101.30","        101.10","        102.18","     289380","            29570130.40","       3335","     142892","         49.38"
"NIITLTD","EQ","21-Jan-2020","        101.10","        101.00","        102.65","         98.30","         98.75","         99.10","        100.36","     345633","            34688929.55","       5972","     142986","         41.37"
"NIITLTD","EQ","22-Jan-2020","         99.10","         99.70","        101.70","         98.65","         98.95","         99.05","        100.30","     417347","            41859750.90","       7536","     185967","         44.56"
"NIITLTD","EQ","23-Jan-2020","         99.05","         99.20","        104.70","         99.15","        103.35","        103.40","        102.95","     720938","            74218134.20","       8281","     350700","         48.64"
"NIITLTD","EQ","24-Jan-2020","        103.40","        103.10","        104.40","        102.10","        102.40","        102.65","        103.49","     279856","            28961867.40","       4057","     149799","         53.53"
"NIITLTD","EQ","27-Jan-2020","        102.65","        101.05","        103.05","        100.20","        100.85","        101.05","        101.96","     202538","            20650248.25","       2395","     104180","         51.44"
"NIITLTD","EQ","28-Jan-2020","        101.05","        101.05","        102.25","         99.90","        100.00","        100.10","        101.18","     207468","            20992021.25","       4694","      85899","         41.40"
"NIITLTD","EQ","29-Jan-2020","        100.10","        100.60","        101.50","        100.15","        100.20","        100.50","        100.76","     193734","            19521298.50","       2200","      87371","         45.10"
"NIITLTD","EQ","30-Jan-2020","        100.50","        100.55","        100.55","         98.15","         98.75","         98.60","         98.86","     175781","            17377217.90","       2330","     102334","         58.22"
"NIITLTD","EQ","31-Jan-2020","         98.60","         98.15","         99.60","         97.05","         98.40","         98.20","         98.29","     218231","            21450400.55","       5345","     111656","         51.16"
"NIITLTD","EQ","01-Feb-2020","         98.20","         97.75","        102.90","         94.70","         95.55","         95.45","         99.41","    1233974","           122667900.40","      12217","     235669","         19.10"
"NIITLTD","EQ","03-Feb-2020","         95.45","         94.30","        101.85","         93.05","         98.80","         99.05","         97.59","     561891","            54836250.80","       8393","     188815","         33.60"
"NIITLTD","EQ","04-Feb-2020","         99.05","         98.80","        101.90","         98.40","         99.45","         99.65","        100.35","     325519","            32664718.90","       7435","     152602","         46.88"
"NIITLTD","EQ","05-Feb-2020","         99.65","         99.95","        105.20","         97.75","        101.60","        101.40","        102.34","    1566442","           160315082.55","      13104","     332204","         21.21"
"NIITLTD","EQ","06-Feb-2020","        101.40","        101.95","        103.25","         96.50","         97.45","         97.30","         98.56","     888530","            87573417.70","       7955","     432392","         48.66"
"NIITLTD","EQ","07-Feb-2020","         97.30","         97.70","         99.00","         96.80","         98.00","         97.80","         97.88","     233754","            22880612.30","       3419","      84628","         36.20"
"NIITLTD","EQ","10-Feb-2020","         97.80","         97.50","         98.75","         96.55","         96.80","         96.95","         97.30","     171523","            16689625.25","       4276","      85175","         49.66"
"NIITLTD","EQ","11-Feb-2020","         96.95","         97.30","         98.15","         95.25","         95.55","         95.85","         96.05","     345124","            33149499.25","      11240","     201652","         58.43"
"NIITLTD","EQ","12-Feb-2020","         95.85","         96.35","         97.95","         95.90","         97.15","         96.55","         96.67","     238455","            23050453.45","       4439","     118217","         49.58"
"NIITLTD","EQ","13-Feb-2020","         96.55","         97.00","         98.75","         96.65","         97.55","         97.60","         97.85","     323839","            31687672.10","       3430","     122964","         37.97"
"NIITLTD","EQ","14-Feb-2020","         97.60","         98.00","        104.80","         98.00","        103.20","        103.20","        102.92","    2571433","           264644730.55","      19156","     785143","         30.53"
"NIITLTD","EQ","17-Feb-2020","        103.20","        103.60","        108.20","        100.80","        106.20","        107.25","        105.63","    1239823","           130956966.15","      10270","     494165","         39.86"
"NIITLTD","EQ","18-Feb-2020","        107.25","        106.20","        108.70","        104.40","        106.25","        106.75","        106.65","     897414","            95707794.55","       8725","     352994","         39.33"
"NIITLTD","EQ","19-Feb-2020","        106.75","        106.30","        113.80","        106.30","        113.05","        113.20","        110.91","    2028419","           224975725.75","      24931","     995817","         49.09"
"NIITLTD","EQ","20-Feb-2020","        113.20","        113.50","        114.80","        110.40","        110.70","        110.90","        112.78","    1425895","           160806315.15","       9581","     668804","         46.90"
"NIITLTD","EQ","24-Feb-2020","        110.90","        110.00","        111.65","        108.15","        109.10","        109.40","        109.64","    1107120","           121379272.75","      11256","     767493","         69.32"
"NIITLTD","EQ","25-Feb-2020","        109.40","        109.20","        110.15","        107.10","        107.75","        107.65","        108.61","     374793","            40706835.20","       4209","     233244","         62.23"
"NIITLTD","EQ","26-Feb-2020","        107.65","        107.10","        108.75","        104.20","        105.75","        104.85","        106.16","     461752","            49018747.35","       4457","     264272","         57.23"
"NIITLTD","EQ","27-Feb-2020","        104.85","        106.30","        107.70","        104.05","        105.80","        105.85","        105.70","     381752","            40349289.70","       3671","     192385","         50.40"
"NIITLTD","EQ","28-Feb-2020","        105.85","        103.85","        103.85","         98.10","         99.25","         99.35","        101.11","     985479","            99642041.20","       8772","     661423","         67.12"
"NIITLTD","EQ","02-Mar-2020","         99.35","         91.90","         94.00","         89.00","         89.95","         90.80","         91.90","     830778","            76352618.75","       8976","     467719","         56.30"
"NIITLTD","EQ","03-Mar-2020","         90.80","         91.00","         92.35","         89.70","         91.60","         91.75","         91.23","     296071","            27009381.10","       4104","     132249","         44.67"
"NIITLTD","EQ","04-Mar-2020","         91.75","         91.10","         91.85","         85.75","         88.50","         86.80","         88.63","     981750","            87016769.05","       6539","     764190","         77.84"
"NIITLTD","EQ","05-Mar-2020","         86.80","         88.85","         91.75","         87.25","         91.30","         91.00","         90.03","     348652","            31388433.05","       5476","     140260","         40.23"
"NIITLTD","EQ","06-Mar-2020","         91.00","         87.50","         92.90","         87.00","         89.55","         89.95","         90.70","    1197458","           108610019.30","       6538","     904679","         75.55"
"NIITLTD","EQ","09-Mar-2020","         89.95","         88.05","         90.00","         85.20","         88.00","         87.20","         87.86","     599666","            52686682.90","       4941","     405832","         67.68"
"NIITLTD","EQ","11-Mar-2020","         87.20","         87.20","         90.70","         87.20","         89.10","         89.10","         89.14","     725942","            64709639.70","       4983","     325387","         44.82"
"NIITLTD","EQ","12-Mar-2020","         89.10","         85.00","         88.00","         80.80","         83.10","         82.90","         82.51","     465313","            38390735.20","       9971","     270808","         58.20"
"NIITLTD","EQ","13-Mar-2020","         82.90","         78.80","         81.00","         66.35","         80.00","         79.40","         76.19","     650667","            49576559.10","       8067","     317272","         48.76"
"NIITLTD","EQ","16-Mar-2020","         79.40","         78.70","         79.60","         74.00","         78.70","         77.50","         77.60","     287869","            22337352.60","       3320","     132885","         46.16"
"NIITLTD","EQ","17-Mar-2020","         77.50","         76.15","         83.75","         75.00","         76.00","         76.55","         79.99","     803126","            64243940.65","      12555","     143898","         17.92"
"NIITLTD","EQ","18-Mar-2020","         76.55","         78.70","         78.80","         69.50","         72.10","         70.65","         72.71","     539744","            39245063.20","      12332","     340414","         63.07"
"NIITLTD","EQ","19-Mar-2020","         70.65","         68.00","         70.05","         62.00","         68.00","         68.20","         65.96","     981462","            64734826.90","      16326","     593364","         60.46"
"NIITLTD","EQ","20-Mar-2020","         68.20","         67.05","         70.80","         65.50","         66.00","         67.40","         68.57","     739049","            50677204.10","       8141","     444310","         60.12"
"NIITLTD","EQ","23-Mar-2020","         67.40","         61.90","         63.90","         54.00","         62.00","         58.40","         59.09","     392956","            23218408.65","       3789","     234053","         59.56"
"NIITLTD","EQ","24-Mar-2020","         58.40","         60.70","         70.00","         60.70","         66.95","         65.65","         65.31","     734242","            47952329.05","       5727","     186779","         25.44"
"NIITLTD","EQ","25-Mar-2020","         65.65","         65.70","         71.75","         54.80","         69.00","         68.50","         66.70","     494806","            33002163.55","       4255","     231143","         46.71"
"NIITLTD","EQ","26-Mar-2020","         68.50","         69.90","         74.00","         68.25","         70.00","         71.20","         71.25","     244247","            17403318.40","       3549","      86812","         35.54"
"NIITLTD","EQ","27-Mar-2020","         71.20","         72.00","         83.65","         71.70","         77.50","         79.50","         79.88","    1499282","           119767316.65","      12261","     422515","         28.18"
"NIITLTD","EQ","30-Mar-2020","         79.50","         77.55","         93.30","         72.50","         80.05","         80.05","         82.95","    2017539","           167354352.60","      18475","     487620","         24.17"
"NIITLTD","EQ","31-Mar-2020","         80.05","         84.90","         88.75","         81.15","         81.50","         82.20","         84.35","    2008293","           169408742.70","      20215","     360207","         17.94"
"NIITLTD","EQ","01-Apr-2020","         82.20","         81.40","         81.55","         77.60","         78.00","         78.55","         79.92","     283950","            22692514.20","       3080","     169473","         59.68"
"NIITLTD","EQ","03-Apr-2020","         78.55","         79.00","         79.90","         73.00","         75.35","         75.10","         75.50","     141096","            10652852.60","       3321","      77812","         55.15"
"NIITLTD","EQ","07-Apr-2020","         75.10","         76.20","         83.00","         76.00","         80.25","         81.20","         80.02","     607344","            48599022.85","       8733","     224454","         36.96"
"NIITLTD","EQ","08-Apr-2020","         81.20","         79.00","         86.50","         78.25","         80.70","         81.35","         84.49","     913430","            77174827.15","       8540","     210933","         23.09"
"NIITLTD","EQ","09-Apr-2020","         81.35","         84.85","         84.85","         81.50","         82.50","         82.35","         82.55","     148277","            12240173.70","       2833","      88167","         59.46"
"NIITLTD","EQ","13-Apr-2020","         82.35","         83.50","         83.50","         77.05","         79.80","         79.75","         80.45","      82084","             6603557.25","       1969","      48317","         58.86"
"NIITLTD","EQ","15-Apr-2020","         79.75","         80.10","         84.30","         80.10","         80.65","         80.95","         82.29","     241568","            19879695.90","       3724","      75380","         31.20"
"NIITLTD","EQ","16-Apr-2020","         80.95","         84.00","         86.00","         82.00","         82.45","         82.45","         83.88","     477343","            40040727.80","       7902","     153125","         32.08"
"NIITLTD","EQ","17-Apr-2020","         82.45","         84.05","         84.55","         82.10","         82.40","         82.55","         82.96","     231586","            19211545.30","       2762","      89270","         38.55"
"NIITLTD","EQ","20-Apr-2020","         82.55","         82.65","         86.25","         81.75","         83.60","         83.35","         84.69","     568661","            48160497.95","       5661","     129594","         22.79"
"NIITLTD","EQ","21-Apr-2020","         83.35","         81.10","         81.90","         80.15","         80.60","         80.60","         80.94","     157381","            12738007.30","       2343","      44665","         28.38"
"NIITLTD","EQ","22-Apr-2020","         80.60","         80.20","         89.65","         80.20","         86.15","         86.40","         87.25","    3685563","           321567947.40","      23530","     524944","         14.24"
"NIITLTD","EQ","23-Apr-2020","         86.40","         86.30","         88.45","         84.35","         85.55","         86.25","         86.56","     740893","            64132245.70","      10047","     200719","         27.09"
"NIITLTD","EQ","24-Apr-2020","         86.25","         84.70","         85.20","         81.30","         81.30","         81.85","         83.50","     397742","            33209731.05","       4937","     151455","         38.08"
"NIITLTD","EQ","27-Apr-2020","         81.85","         82.15","         86.50","         82.10","         84.05","         84.40","         84.35","    1354338","           114240869.70","       9920","     329588","         24.34"
"NIITLTD","EQ","28-Apr-2020","         84.40","         85.00","         86.50","         82.35","         85.20","         85.20","         85.03","     880417","            74862896.50","      14218","     265017","         30.10"
"NIITLTD","EQ","29-Apr-2020","         85.20","         85.40","         91.75","         84.10","         88.15","         88.40","         89.12","    2796275","           249192209.95","      18156","     514933","         18.41"
"NIITLTD","EQ","30-Apr-2020","         88.40","         88.90","         92.00","         84.50","         84.90","         85.25","         88.90","    1337030","           118864946.70","      11605","     465521","         34.82"
"NIITLTD","EQ","04-May-2020","         85.25","         83.80","         84.50","         81.65","         82.65","         82.45","         83.08","     443315","            36832057.20","       5941","     215347","         48.58"
"NIITLTD","EQ","05-May-2020","         82.45","         87.00","         87.60","         82.75","         83.80","         84.20","         84.99","     715590","            60817514.60","       9534","     166255","         23.23"
"NIITLTD","EQ","06-May-2020","         84.20","         84.40","         87.35","         84.20","         85.65","         85.70","         85.68","     955226","            81843407.70","       8870","     215641","         22.57"
"NIITLTD","EQ","07-May-2020","         85.70","         86.55","         88.65","         85.70","         86.00","         86.25","         87.16","     801639","            69868505.00","      11578","     202265","         25.23"
"NIITLTD","EQ","08-May-2020","         86.25","         86.30","         87.00","         83.40","         83.50","         83.70","         85.46","     426362","            36438212.35","       9214","     184532","         43.28"
"NIITLTD","EQ","11-May-2020","         83.70","         84.35","         85.40","         83.40","         83.90","         84.05","         84.38","     232773","            19641329.00","       4330","      99425","         42.71"
"NIITLTD","EQ","12-May-2020","         84.05","         83.95","         87.85","         83.05","         86.80","         86.50","         86.82","    2292647","           199041584.95","      20764","     615458","         26.84"
"NIITLTD","EQ","13-May-2020","         86.50","         88.90","         88.95","         85.95","         86.50","         86.80","         87.34","     545294","            47624345.65","      10069","     235089","         43.11"
"NIITLTD","EQ","14-May-2020","         86.80","         86.20","         87.20","         85.00","         85.15","         85.25","         85.99","     152887","            13147355.50","       2951","      75442","         49.34"
"NIITLTD","EQ","15-May-2020","         85.25","         85.60","         86.60","         83.85","         84.25","         84.35","         85.12","     268998","            22897338.70","       4821","     133168","         49.51"
"NIITLTD","EQ","18-May-2020","         84.35","         85.00","         87.90","         82.00","         86.20","         86.60","         86.05","     772557","            66477803.40","       7217","     262356","         33.96"
"NIITLTD","EQ","19-May-2020","         86.60","         86.60","         90.80","         85.50","         85.90","         86.35","         88.33","    1320104","           116598305.45","      15474","     534649","         40.50"
"NIITLTD","EQ","20-May-2020","         86.35","         86.90","         87.45","         84.60","         85.55","         85.20","         85.42","     265513","            22680114.75","       2973","     124069","         46.73"
"NIITLTD","EQ","21-May-2020","         85.20","         85.70","         86.40","         85.15","         85.60","         85.40","         85.64","     234532","            20085177.25","       1673","     122815","         52.37"
"NIITLTD","EQ","22-May-2020","         85.40","         85.70","         88.40","         85.20","         85.75","         86.10","         86.98","     492470","            42834990.60","       6611","     144335","         29.31"
"NIITLTD","EQ","26-May-2020","         86.10","         86.50","         86.70","         84.75","         85.05","         85.30","         85.43","     446072","            38106051.00","       3392","      60991","         13.67"
"NIITLTD","EQ","27-May-2020","         85.30","         85.60","         89.45","         85.05","         88.40","         88.95","         87.51","    1299108","           113686270.30","      11514","     329950","         25.40"
"NIITLTD","EQ","28-May-2020","         88.95","         89.50","         91.95","         88.00","         88.15","         88.85","         90.02","    1437339","           129396334.35","      12891","     284833","         19.82"
"NIITLTD","EQ","29-May-2020","         88.85","         88.80","         90.55","         87.30","         89.00","         89.30","         88.91","    1114502","            99091434.05","       9359","     120154","         10.78"
"NIITLTD","EQ","01-Jun-2020","         89.30","         90.25","         95.50","         89.50","         92.50","         92.50","         92.96","    2658805","           247150803.25","      23638","     395137","         14.86"
"NIITLTD","EQ","02-Jun-2020","         92.50","         92.90","         94.70","         90.65","         91.75","         91.80","         92.23","    2425833","           223730045.40","      12166","     144089","          5.94"
"NIITLTD","EQ","03-Jun-2020","         91.80","         92.70","         93.90","         90.60","         92.50","         91.95","         92.21","     744488","            68650334.95","       8140","     188773","         25.36"
"NIITLTD","EQ","04-Jun-2020","         91.95","         92.80","         94.00","         86.60","         90.10","         88.60","         89.91","    2237656","           201196101.05","      14695","     455388","         20.35"
"NIITLTD","EQ","05-Jun-2020","         88.60","         87.05","         91.90","         86.70","         90.55","         90.40","         89.88","    1299871","           116835112.80","       9722","     593904","         45.69"
"NIITLTD","EQ","08-Jun-2020","         90.40","         91.65","         91.90","         89.60","         90.20","         90.65","         90.64","     559226","            50685894.50","       6034","     267187","         47.78"
"NIITLTD","EQ","09-Jun-2020","         90.65","         91.00","         94.40","         89.55","         90.50","         90.45","         91.87","    1720402","           158061567.25","      11090","     378746","         22.01"
"NIITLTD","EQ","10-Jun-2020","         90.45","         90.50","         92.60","         89.70","         90.70","         90.65","         90.87","     552561","            50208953.20","       4481","     195842","         35.44"
"NIITLTD","EQ","11-Jun-2020","         90.65","         90.65","         91.80","         89.00","         90.60","         90.70","         90.30","     847106","            76491661.30","       5699","     592091","         69.90"
"NIITLTD","EQ","12-Jun-2020","         90.70","         88.00","         91.20","         88.00","         90.70","         90.55","         90.19","     504697","            45518910.45","       4290","     233599","         46.28"
"NIITLTD","EQ","15-Jun-2020","         90.55","         91.00","         91.75","         89.60","         90.55","         90.50","         90.46","     338290","            30600916.85","       3185","     196554","         58.10"
"NIITLTD","EQ","16-Jun-2020","         90.50","         91.55","         91.70","         90.15","         90.65","         90.70","         90.57","     364286","            32994463.30","       2396","     214115","         58.78"
"NIITLTD","EQ","17-Jun-2020","         90.70","         90.65","         92.10","         90.60","         91.10","         91.00","         91.13","     581170","            52963075.80","       5595","     268325","         46.17"
"NIITLTD","EQ","18-Jun-2020","         91.00","         91.40","         93.45","         90.65","         91.65","         92.00","         92.17","     797503","            73503723.90","       8522","     254893","         31.96"
"NIITLTD","EQ","19-Jun-2020","         92.00","         91.50","         93.50","         91.50","         93.05","         92.70","         92.59","     585566","            54215473.65","       3504","     276903","         47.29"
"NIITLTD","EQ","22-Jun-2020","         92.70","         92.70","         93.60","         91.15","         93.25","         93.00","         92.40","     598557","            55303804.20","       5263","     211946","         35.41"
"NIITLTD","EQ","23-Jun-2020","         93.00","         93.00","         96.30","         92.60","         94.35","         94.10","         94.48","     957174","            90434732.10","       7108","     233087","         47.74"
"NIITLTD","EQ","24-Jun-2020","         94.10","         94.95","         96.60","         93.80","         94.50","         94.65","         94.70","     662645","            62751446.00","       4166","     300223","         45.31"
"NIITLTD","EQ","25-Jun-2020","         94.65","         94.50","         94.85","         93.60","         94.50","         94.50","         94.27","     255422","            24078916.70","       2951","      74469","         29.16"
"NIITLTD","EQ","26-Jun-2020","         94.50","         95.00","         97.10","         94.10","         94.65","         94.50","         95.14","     689451","            65592016.90","       7084","     201213","         29.18"
"NIITLTD","EQ","29-Jun-2020","         94.50","         94.65","         95.85","         93.50","         94.55","         94.25","         94.29","     531151","            50081715.45","       5381","     273253","         51.45"
"NIITLTD","EQ","30-Jun-2020","         94.25","         94.50","         95.45","         94.05","         94.50","         94.50","         94.60","     463051","            43803099.65","       4230","     232064","         50.12"
"NIITLTD","EQ","01-Jul-2020","         94.50","         94.70","         95.15","         92.00","         92.45","         92.35","         93.31","     371381","            34655104.35","       4615","      91794","         24.72"
"NIITLTD","EQ","02-Jul-2020","         92.35","         93.40","         93.40","         90.65","         91.00","         90.95","         91.66","     441717","            40485766.20","       4974","     180546","         40.87"
"NIITLTD","EQ","03-Jul-2020","         90.95","         91.10","         92.50","         91.00","         91.60","         91.45","         91.60","     204079","            18693525.65","       1827","      82661","         40.50"
"NIITLTD","EQ","06-Jul-2020","         91.45","         91.55","         92.70","         90.70","         92.10","         91.75","         91.59","     483338","            44270957.80","       2755","     303448","         62.78"
"NIITLTD","EQ","07-Jul-2020","         91.75","         91.75","         96.10","         91.25","         94.10","         94.75","         93.48","     958714","            89618012.20","       7937","     318562","         33.23"
"NIITLTD","EQ","08-Jul-2020","         94.75","         94.85","         94.85","         92.00","         94.05","         94.25","         93.50","     608509","            56898459.75","       4292","     281915","         46.33"
"NIITLTD","EQ","09-Jul-2020","         94.25","         94.00","         95.60","         93.20","         94.50","         94.40","         94.43","     280376","            26475014.95","       2161","     130670","         46.61"
"NIITLTD","EQ","10-Jul-2020","         94.40","         94.25","         94.75","         92.75","         94.60","         94.25","         93.81","     329927","            30950032.30","       3444","     143889","         43.61"
"NIITLTD","EQ","13-Jul-2020","         94.25","         94.20","         95.35","         94.00","         94.50","         94.45","         94.41","     217883","            20570877.20","       1794","     101275","         46.48"
"NIITLTD","EQ","14-Jul-2020","         94.45","         94.50","         97.00","         93.00","         95.20","         96.00","         94.98","     570381","            54176148.15","       4624","     176909","         31.02"
"NIITLTD","EQ","15-Jul-2020","         96.00","         97.10","        102.40","         95.50","         97.55","         97.30","         99.73","    3012967","           300493520.60","      22556","     505263","         16.77"
"NIITLTD","EQ","16-Jul-2020","         97.30","         99.50","        101.00","         96.05","         96.35","         97.10","         98.56","     599520","            59091130.00","       6902","     143141","         23.88"
"NIITLTD","EQ","17-Jul-2020","         97.10","         97.10","         97.20","         94.40","         94.60","         94.75","         95.07","     428170","            40707980.35","       6479","     188929","         44.12"
"NIITLTD","EQ","20-Jul-2020","         94.75","         94.35","         95.65","         93.00","         93.15","         93.60","         94.20","     326955","            30800466.15","       3412","     155154","         47.45"
"NIITLTD","EQ","21-Jul-2020","         93.60","         93.95","         95.15","         93.00","         94.65","         94.45","         93.75","     344432","            32292136.20","       3393","     119749","         34.77"
"NIITLTD","EQ","22-Jul-2020","         94.45","         95.00","         95.00","         92.80","         93.15","         93.15","         93.65","     418369","            39180193.60","       7030","     260967","         62.38"
"NIITLTD","EQ","23-Jul-2020","         93.15","         93.70","         95.40","         93.20","         94.50","         94.65","         94.43","     607110","            57330040.05","      10390","     347803","         57.29"
"NIITLTD","EQ","24-Jul-2020","         94.65","         94.50","         96.50","         93.25","         94.75","         94.90","         94.85","     400825","            38018442.55","       7156","     192267","         47.97"
"NIITLTD","EQ","27-Jul-2020","         94.90","         94.30","         95.00","         93.10","         93.95","         93.80","         93.93","     223987","            21038694.05","       5307","     147170","         65.70"
"NIITLTD","EQ","28-Jul-2020","         93.80","         93.10","         95.25","         92.10","         94.00","         93.15","         93.16","     479374","            44660514.40","      10747","     319802","         66.71"
"NIITLTD","EQ","29-Jul-2020","         93.15","         93.00","        102.00","         92.00","         94.70","         95.15","         98.70","    6775478","           668742024.05","      43458","    1095073","         16.16"
"NIITLTD","EQ","30-Jul-2020","         95.15","         95.80","         95.80","         93.60","         95.75","         94.55","         94.28","     557855","            52595625.20","       6613","     296266","         53.11"
"NIITLTD","EQ","31-Jul-2020","         94.55","         94.85","         99.35","         93.15","         96.75","         96.75","         95.71","    1971123","           188656231.70","      22982","     466402","         23.66"
"NIITLTD","EQ","03-Aug-2020","         96.75","         96.75","         97.35","         93.20","         93.20","         93.45","         94.97","     371891","            35319883.85","       4450","     195703","         52.62"
"NIITLTD","EQ","04-Aug-2020","         93.45","         94.85","         94.85","         93.10","         93.60","         93.40","         93.66","     260856","            24431469.80","       4757","     129426","         49.62"
"NIITLTD","EQ","05-Aug-2020","         93.40","         94.10","         97.85","         93.15","         96.20","         96.50","         96.60","    2380359","           229937051.65","       6683","    1902107","         79.91"
"NIITLTD","EQ","06-Aug-2020","         96.50","         99.90","        102.00","         97.00","         99.80","         99.50","         99.41","    2862309","           284538857.05","      21240","     909857","         31.79"
"NIITLTD","EQ","07-Aug-2020","         99.50","         99.80","        101.30","         98.25","         98.90","         99.10","         99.73","    1119099","           111603803.80","      16559","     501314","         44.80"
"NIITLTD","EQ","10-Aug-2020","         99.10","         99.00","         99.80","         96.65","         97.35","         97.05","         97.98","     666278","            65281378.75","       8259","     362591","         54.42"
"NIITLTD","EQ","11-Aug-2020","         97.05","         97.50","         98.40","         95.00","         95.60","         95.45","         96.60","     600055","            57964214.25","       7949","     357677","         59.61"
"NIITLTD","EQ","12-Aug-2020","         95.45","         94.90","         97.50","         94.50","         96.50","         96.60","         96.56","     379991","            36690063.65","       8709","     162742","         42.83"
"NIITLTD","EQ","13-Aug-2020","         96.60","         96.85","        100.75","         96.60","         97.10","         97.85","         98.50","    2946583","           290250731.65","      25919","    1751365","         59.44"
"NIITLTD","EQ","14-Aug-2020","         97.85","         97.95","        103.40","         96.00","        102.50","        101.85","        100.35","    2925665","           293593895.65","      32073","    1778961","         60.81"
"NIITLTD","EQ","17-Aug-2020","        101.85","        103.50","        104.60","         97.75","         98.10","         98.35","        100.06","     948438","            94901029.50","      19390","     459069","         48.40"
"NIITLTD","EQ","18-Aug-2020","         98.35","         98.45","        100.50","         98.45","         99.30","         99.65","         99.60","     485065","            48312238.15","       6867","     201376","         41.52"
"NIITLTD","EQ","19-Aug-2020","         99.65","        101.65","        102.40","         99.05","         99.30","         99.65","        100.68","     836005","            84169373.05","      16881","     394616","         47.20"
"NIITLTD","EQ","20-Aug-2020","         99.65","        100.05","        111.90","        100.05","        108.50","        108.50","        106.02","    5055640","           536015015.30","      36092","    2257208","         44.65"
"NIITLTD","EQ","21-Aug-2020","        108.50","        109.90","        128.40","        108.00","        125.90","        126.00","        120.98","    9893763","          1196995951.00","      59393","    1865050","         18.85"
"NIITLTD","EQ","24-Aug-2020","        126.00","        127.00","        140.00","        123.35","        129.80","        129.85","        132.87","   10010929","          1330156233.95","      71268","    2037350","         20.35"
"NIITLTD","EQ","25-Aug-2020","        129.85","        130.80","        137.40","        124.30","        136.75","        136.25","        132.99","    5974500","           794537446.10","      45019","    1034355","         17.31"
"NIITLTD","EQ","26-Aug-2020","        136.25","        137.50","        141.40","        132.00","        135.90","        136.10","        136.33","    4241519","           578264738.05","      32684","    1164281","         27.45"
"NIITLTD","EQ","27-Aug-2020","        136.10","        136.50","        137.70","        132.70","        133.70","        133.80","        134.95","     853368","           115162303.35","       7959","     393007","         46.05"
"NIITLTD","EQ","28-Aug-2020","        133.80","        134.20","        135.60","        126.60","        128.00","        127.70","        130.28","    1052499","           137123984.70","      13950","     548965","         52.16"
"NIITLTD","EQ","31-Aug-2020","        127.70","        128.90","        129.65","        115.15","        118.40","        118.80","        121.33","    1086629","           131836191.75","      17530","     536209","         49.35"
"NIITLTD","EQ","01-Sep-2020","        118.80","        122.25","        123.00","        115.05","        119.20","        118.75","        118.46","     391892","            46424854.55","       5697","     206027","         52.57"
"NIITLTD","EQ","02-Sep-2020","        118.75","        119.40","        125.00","        117.55","        122.85","        122.40","        121.60","     550136","            66895158.65","       7044","     256230","         46.58"
"NIITLTD","EQ","03-Sep-2020","        122.40","        123.00","        131.50","        122.70","        128.10","        127.75","        128.00","     994169","           127250414.90","      13061","     503771","         50.67"
"NIITLTD","EQ","04-Sep-2020","        127.75","        123.55","        126.20","        120.55","        123.70","        122.65","        123.90","     466105","            57748246.65","       6722","     241462","         51.80"
"NIITLTD","EQ","07-Sep-2020","        122.65","        124.40","        125.70","        119.85","        121.00","        121.05","        122.77","     381234","            46805882.15","       4962","     197472","         51.80"
"NIITLTD","EQ","08-Sep-2020","        121.05","        121.00","        129.40","        119.75","        124.50","        125.45","        125.96","    1006071","           126727104.95","      14293","     392448","         39.01"
"NIITLTD","EQ","09-Sep-2020","        125.45","        123.70","        124.45","        117.25","        122.00","        121.70","        121.16","     425758","            51585980.00","       6106","     200780","         47.16"
