"Symbol","Series","Date","Prev Close","Open Price","High Price","Low Price","Last Price","Close Price","Average Price","Total Traded Quantity","Turnover","No. of Trades","Deliverable Qty","% Dly Qt to Traded Qty"
"BARTRONICS","EQ","30-Aug-2018","          9.15","          9.05","          9.15","          9.00","          9.10","          9.05","          9.06","      34573","              313185.15","        113","      29270","         84.66"
"BARTRONICS","EQ","31-Aug-2018","          9.05","          9.15","          9.15","          8.95","          9.05","          9.05","          9.05","      37079","              335639.75","         84","      27652","         74.58"
"BARTRONICS","EQ","03-Sep-2018","          9.05","          9.05","          9.25","          9.00","          9.15","          9.10","          9.11","      25129","              228853.25","         92","      18363","         73.07"
"BARTRONICS","EQ","04-Sep-2018","          9.10","          9.35","          9.35","          8.85","          8.90","          8.90","          8.96","      47280","              423805.85","        127","      42047","         88.93"
"BARTRONICS","EQ","05-Sep-2018","          8.90","          9.00","          9.00","          8.80","          8.90","          8.95","          8.91","      20153","              179526.05","         81","      15605","         77.43"
"BARTRONICS","EQ","06-Sep-2018","          8.95","          8.85","          9.10","          8.85","          8.95","          8.95","          8.99","      20888","              187722.20","         65","      16611","         79.52"
"BARTRONICS","EQ","07-Sep-2018","          8.95","          8.90","          9.00","          8.85","          9.00","          8.95","          8.93","      20582","              183875.15","         72","      16221","         78.81"
"BARTRONICS","EQ","10-Sep-2018","          8.95","          8.85","          8.90","          8.70","          8.80","          8.75","          8.79","      48731","              428129.35","        121","      35295","         72.43"
"BARTRONICS","EQ","11-Sep-2018","          8.75","          8.90","          8.90","          8.50","          8.50","          8.50","          8.59","      34962","              300387.35","        151","      30979","         88.61"
"BARTRONICS","EQ","12-Sep-2018","          8.50","          8.60","          8.60","          8.25","          8.40","          8.40","          8.44","      23988","              202384.35","        121","      14809","         61.74"
"BARTRONICS","EQ","14-Sep-2018","          8.40","          8.40","          8.85","          8.20","          8.20","          8.30","          8.37","      29458","              246504.10","        129","      27315","         92.73"
"BARTRONICS","EQ","17-Sep-2018","          8.30","          8.05","          8.45","          8.05","          8.40","          8.35","          8.22","      20414","              167903.75","         98","      15590","         76.37"
"BARTRONICS","EQ","18-Sep-2018","          8.35","          8.15","          8.80","          8.10","          8.45","          8.35","          8.46","      49669","              420306.60","        168","      29515","         59.42"
"BARTRONICS","EQ","19-Sep-2018","          8.35","          8.70","          8.70","          7.90","          8.15","          8.15","          8.08","     114382","              923798.05","        370","      71259","         62.30"
"BARTRONICS","EQ","21-Sep-2018","          8.15","          8.15","          8.30","          7.80","          8.00","          8.00","          8.04","      42798","              344045.30","        132","      31459","         73.51"
"BARTRONICS","EQ","24-Sep-2018","          8.00","          8.45","          8.45","          7.60","          7.65","          7.65","          7.70","      77278","              595103.10","        168","      53283","         68.95"
"BARTRONICS","EQ","25-Sep-2018","          7.65","          7.95","          8.05","          7.50","          7.75","          7.65","          7.78","      88457","              688232.05","        173","      50519","         57.11"
"BARTRONICS","EQ","26-Sep-2018","          7.65","          7.75","          7.85","          7.30","          7.50","          7.55","          7.54","      41487","              312613.40","         96","      27710","         66.79"
"BARTRONICS","EQ","27-Sep-2018","          7.55","          7.55","          7.75","          7.25","          7.35","          7.35","          7.43","      38648","              287274.30","        141","      16454","         42.57"
"BARTRONICS","EQ","28-Sep-2018","          7.35","          7.70","          7.70","          7.00","          7.00","          7.05","          7.28","      37378","              272259.55","        110","      28010","         74.94"
"BARTRONICS","EQ","01-Oct-2018","          7.05","          6.90","          7.00","          6.35","          6.50","          6.45","          6.61","      78593","              519679.70","        199","      57602","         73.29"
"BARTRONICS","EQ","03-Oct-2018","          6.45","          6.05","          6.80","          6.05","          6.70","          6.65","          6.58","      49975","              329053.90","        129","      24681","         49.39"
"BARTRONICS","EQ","04-Oct-2018","          6.65","          6.60","          6.95","          6.35","          6.90","          6.80","          6.63","      30018","              198876.90","        116","      24385","         81.23"
"BARTRONICS","EQ","05-Oct-2018","          6.80","          6.80","          7.35","          6.70","          7.30","          7.30","          7.09","      53078","              376109.95","        151","      40010","         75.38"
"BARTRONICS","EQ","08-Oct-2018","          7.30","          7.30","          7.70","          6.80","          6.85","          7.00","          7.15","      36656","              262001.55","        187","      21244","         57.96"
"BARTRONICS","EQ","09-Oct-2018","          7.00","          8.15","          8.15","          6.80","          6.90","          6.90","          7.15","      38783","              277229.60","        163","      26756","         68.99"
"BARTRONICS","EQ","10-Oct-2018","          6.90","          6.80","          7.15","          6.80","          7.05","          7.00","          6.98","      18288","              127741.40","         80","      12671","         69.29"
"BARTRONICS","EQ","11-Oct-2018","          7.00","          6.95","          7.10","          6.75","          7.00","          7.00","          6.91","      20740","              143386.50","         52","      14481","         69.82"
"BARTRONICS","EQ","12-Oct-2018","          7.00","          7.00","          7.40","          7.00","          7.10","          7.00","          7.06","       9769","               68982.20","         55","       7393","         75.68"
"BARTRONICS","EQ","15-Oct-2018","          7.00","          7.30","          7.65","          6.90","          6.95","          7.00","          7.21","      43006","              310025.50","        110","      30550","         71.04"
"BARTRONICS","EQ","16-Oct-2018","          7.00","          7.05","          7.75","          6.90","          7.15","          7.10","          7.21","      33233","              239620.70","        136","      24130","         72.61"
"BARTRONICS","EQ","17-Oct-2018","          7.10","          7.50","          7.70","          7.20","          7.40","          7.35","          7.47","      56788","              424257.70","        185","      32845","         57.84"
"BARTRONICS","EQ","19-Oct-2018","          7.35","          7.10","          7.10","          6.75","          7.00","          7.00","          6.94","      35405","              245706.25","        112","      24841","         70.16"
"BARTRONICS","EQ","22-Oct-2018","          7.00","          6.90","          7.45","          6.80","          7.00","          6.85","          6.97","      32608","              227159.50","        120","      22236","         68.19"
"BARTRONICS","EQ","23-Oct-2018","          6.85","          6.80","          7.00","          6.70","          6.80","          6.90","          6.87","       5210","               35798.20","         36","       4611","         88.50"
"BARTRONICS","EQ","24-Oct-2018","          6.90","          6.80","          7.10","          6.80","          7.00","          7.00","          6.96","      10371","               72174.55","         65","       8110","         78.20"
"BARTRONICS","EQ","25-Oct-2018","          7.00","          6.80","          8.40","          6.80","          7.45","          7.55","          7.74","      66917","              517865.05","        203","      42463","         63.46"
"BARTRONICS","EQ","26-Oct-2018","          7.55","          7.85","          7.90","          7.15","          7.30","          7.25","          7.35","      14889","              109380.40","         87","      13142","         88.27"
"BARTRONICS","EQ","29-Oct-2018","          7.25","          7.70","          7.70","          6.95","          7.05","          7.05","          7.04","      19481","              137190.50","         82","      18302","         93.95"
"BARTRONICS","EQ","30-Oct-2018","          7.05","          7.30","          7.30","          7.00","          7.05","          7.05","          7.13","      17828","              127156.65","         54","      16373","         91.84"
"BARTRONICS","EQ","31-Oct-2018","          7.05","          7.00","          7.25","          7.00","          7.25","          7.15","          7.14","      11212","               80032.15","         45","       8691","         77.52"
"BARTRONICS","EQ","01-Nov-2018","          7.15","          6.85","          7.25","          6.75","          7.25","          7.20","          7.03","      83640","              587744.85","        139","      65849","         78.73"
"BARTRONICS","EQ","02-Nov-2018","          7.20","          7.00","          7.35","          7.00","          7.10","          7.10","          7.17","      19087","              136842.90","         69","      16384","         85.84"
"BARTRONICS","EQ","05-Nov-2018","          7.10","          6.90","          7.40","          6.90","          7.25","          7.25","          7.24","      17180","              124332.00","         77","      11453","         66.66"
"BARTRONICS","EQ","06-Nov-2018","          7.25","          7.15","          7.45","          7.05","          7.30","          7.30","          7.23","      15277","              110450.80","         58","      11055","         72.36"
"BARTRONICS","EQ","07-Nov-2018","          7.30","          7.40","          7.40","          7.20","          7.40","          7.35","          7.36","       6601","               48608.45","         36","       6077","         92.06"
"BARTRONICS","EQ","09-Nov-2018","          7.35","          7.45","          7.70","          7.20","          7.45","          7.40","          7.44","      19877","              147867.30","         75","      12873","         64.76"
"BARTRONICS","EQ","12-Nov-2018","          7.40","          7.40","          7.60","          7.20","          7.55","          7.45","          7.37","      24858","              183101.50","         69","      21422","         86.18"
"BARTRONICS","EQ","13-Nov-2018","          7.45","          7.55","          7.55","          7.25","          7.25","          7.25","          7.28","      24270","              176649.50","         68","      12188","         50.22"
"BARTRONICS","EQ","14-Nov-2018","          7.25","          7.45","          7.45","          7.15","          7.40","          7.20","          7.23","      21201","              153250.70","         61","       9672","         45.62"
"BARTRONICS","EQ","15-Nov-2018","          7.20","          7.20","          7.20","          7.10","          7.20","          7.15","          7.15","      21407","              153111.00","         66","      14137","         66.04"
"BARTRONICS","EQ","16-Nov-2018","          7.15","          7.20","          7.75","          7.20","          7.45","          7.30","          7.31","      30180","              220558.10","        100","      21517","         71.30"
"BARTRONICS","EQ","19-Nov-2018","          7.30","          7.30","          7.65","          7.10","          7.35","          7.45","          7.29","      22419","              163389.95","         66","      17631","         78.64"
"BARTRONICS","EQ","20-Nov-2018","          7.45","          7.30","          7.45","          7.25","          7.30","          7.25","          7.27","      30494","              221672.00","         54","      27974","         91.74"
"BARTRONICS","EQ","21-Nov-2018","          7.25","          7.25","          7.40","          7.25","          7.40","          7.30","          7.30","      19905","              145369.05","         31","      19385","         97.39"
"BARTRONICS","EQ","22-Nov-2018","          7.30","          7.40","          7.60","          7.20","          7.40","          7.40","          7.42","      17717","              131488.05","         77","      10876","         61.39"
"BARTRONICS","EQ","26-Nov-2018","          7.40","          7.40","          7.60","          7.30","          7.45","          7.45","          7.39","      27966","              206691.65","         54","      23974","         85.73"
"BARTRONICS","EQ","27-Nov-2018","          7.45","          7.20","          7.40","          7.15","          7.40","          7.20","          7.25","      32881","              238239.85","         66","      29330","         89.20"
"BARTRONICS","EQ","28-Nov-2018","          7.20","          7.20","          7.40","          7.20","          7.25","          7.25","          7.26","      29645","              215126.15","         53","      26179","         88.31"
"BARTRONICS","EQ","29-Nov-2018","          7.25","          7.25","          7.35","          7.25","          7.25","          7.25","          7.26","      33948","              246364.30","         38","      32748","         96.47"
"BARTRONICS","EQ","30-Nov-2018","          7.25","          7.30","          7.50","          7.25","          7.35","          7.25","          7.30","      17136","              125126.80","         57","      10674","         62.29"
"BARTRONICS","EQ","03-Dec-2018","          7.25","          7.35","          7.35","          7.25","          7.25","          7.30","          7.30","       7121","               51969.30","         30","       4876","         68.47"
"BARTRONICS","EQ","04-Dec-2018","          7.30","          7.35","          7.40","          7.25","          7.25","          7.30","          7.31","      23589","              172449.00","         46","      20682","         87.68"
"BARTRONICS","EQ","05-Dec-2018","          7.30","          7.40","          7.45","          7.25","          7.25","          7.25","          7.32","      10176","               74513.60","         40","       6831","         67.13"
"BARTRONICS","EQ","06-Dec-2018","          7.25","          7.25","          7.40","          7.25","          7.30","          7.25","          7.27","      72948","              530138.55","         56","      67923","         93.11"
"BARTRONICS","EQ","07-Dec-2018","          7.25","          7.30","          7.35","          7.20","          7.20","          7.20","          7.24","      24143","              174847.00","         42","      23042","         95.44"
"BARTRONICS","EQ","10-Dec-2018","          7.20","          7.20","          7.25","          7.20","          7.20","          7.20","          7.20","      38069","              274179.40","         35","      38067","         99.99"
"BARTRONICS","EQ","11-Dec-2018","          7.20","          7.20","          7.55","          7.15","          7.25","          7.25","          7.20","      10886","               78415.40","         29","       7344","         67.46"
"BARTRONICS","EQ","12-Dec-2018","          7.25","          7.15","          7.65","          7.15","          7.35","          7.35","          7.35","      15928","              117079.15","         43","      10928","         68.61"
"BARTRONICS","EQ","13-Dec-2018","          7.35","          7.35","          7.50","          7.25","          7.35","          7.30","          7.32","      24047","              176060.00","         55","      21926","         91.18"
"BARTRONICS","EQ","14-Dec-2018","          7.30","          7.30","          7.50","          7.25","          7.30","          7.25","          7.29","      16350","              119131.65","         61","      12251","         74.93"
"BARTRONICS","EQ","17-Dec-2018","          7.25","          7.25","          7.40","          7.25","          7.25","          7.25","          7.30","      13856","              101128.00","         48","      10587","         76.41"
"BARTRONICS","EQ","18-Dec-2018","          7.25","          7.30","          7.40","          7.25","          7.25","          7.30","          7.32","       4591","               33605.85","         31","       4012","         87.39"
"BARTRONICS","EQ","19-Dec-2018","          7.30","          7.10","          7.60","          7.10","          7.40","          7.40","          7.42","       8364","               62072.90","         59","       6569","         78.54"
"BARTRONICS","EQ","20-Dec-2018","          7.40","          7.30","          7.45","          7.25","          7.25","          7.25","          7.31","       9621","               70352.30","         51","       6854","         71.24"
"BARTRONICS","EQ","21-Dec-2018","          7.25","          7.30","          7.40","          7.25","          7.30","          7.30","          7.29","       6968","               50821.40","         48","       4594","         65.93"
"BARTRONICS","EQ","24-Dec-2018","          7.30","          7.30","          7.40","          7.25","          7.25","          7.25","          7.27","      17245","              125349.60","         42","      13090","         75.91"
"BARTRONICS","EQ","26-Dec-2018","          7.25","          7.25","          7.25","          7.15","          7.20","          7.15","          7.23","      18490","              133739.05","         31","      17826","         96.41"
"BARTRONICS","EQ","27-Dec-2018","          7.15","          7.15","          7.25","          7.10","          7.10","          7.10","          7.13","      28776","              205121.70","         44","      20524","         71.32"
"BARTRONICS","EQ","28-Dec-2018","          7.10","          7.10","          8.25","          7.10","          7.35","          7.45","          7.71","      58844","              453699.10","        118","      38946","         66.19"
"BARTRONICS","EQ","31-Dec-2018","          7.45","          7.80","          8.00","          7.30","          7.40","          7.45","          7.62","      29131","              221873.15","        114","      19411","         66.63"
"BARTRONICS","EQ","01-Jan-2019","          7.45","          7.30","          7.50","          7.20","          7.35","          7.25","          7.28","       7800","               56768.25","         42","       6160","         78.97"
"BARTRONICS","EQ","02-Jan-2019","          7.25","          7.25","          7.80","          7.00","          7.25","          7.25","          7.23","      30906","              223393.95","         78","      27777","         89.88"
"BARTRONICS","EQ","03-Jan-2019","          7.25","          7.25","          7.40","          7.20","          7.40","          7.25","          7.27","      11095","               80657.00","         33","       8510","         76.70"
"BARTRONICS","EQ","04-Jan-2019","          7.25","          7.25","          7.35","          7.25","          7.25","          7.25","          7.25","      42273","              306535.20","         40","      42082","         99.55"
"BARTRONICS","EQ","07-Jan-2019","          7.25","          7.35","          7.70","          7.25","          7.45","          7.40","          7.38","      22798","              168168.35","         89","      12674","         55.59"
"BARTRONICS","EQ","08-Jan-2019","          7.40","          7.45","          7.45","          7.25","          7.40","          7.30","          7.30","      15911","              116142.55","         44","      10326","         64.90"
"BARTRONICS","EQ","09-Jan-2019","          7.30","          7.35","          7.55","          7.25","          7.25","          7.30","          7.32","      12837","               93978.55","         55","       7879","         61.38"
"BARTRONICS","EQ","10-Jan-2019","          7.30","          7.25","          7.40","          7.20","          7.40","          7.35","          7.26","      14284","              103743.65","         46","      12088","         84.63"
"BARTRONICS","EQ","11-Jan-2019","          7.35","          7.20","          7.55","          7.20","          7.40","          7.35","          7.37","      26876","              197996.70","         92","      16772","         62.41"
"BARTRONICS","EQ","14-Jan-2019","          7.35","          7.25","          7.40","          7.25","          7.30","          7.30","          7.29","       9409","               68552.50","         40","       7305","         77.64"
"BARTRONICS","EQ","15-Jan-2019","          7.30","          7.35","          7.45","          7.25","          7.25","          7.25","          7.26","      17153","              124598.75","         40","      16548","         96.47"
"BARTRONICS","EQ","16-Jan-2019","          7.25","          7.45","          7.50","          7.25","          7.25","          7.25","          7.29","      23843","              173902.15","         47","      19739","         82.79"
"BARTRONICS","EQ","17-Jan-2019","          7.25","          7.25","          7.40","          7.10","          7.25","          7.20","          7.25","      11918","               86362.05","         42","      11548","         96.90"
"BARTRONICS","EQ","18-Jan-2019","          7.20","          7.35","          7.35","          7.25","          7.25","          7.25","          7.26","      13659","               99228.40","         31","      13655","         99.97"
"BARTRONICS","EQ","21-Jan-2019","          7.25","          7.50","          7.50","          7.00","          7.25","          7.25","          7.21","      28124","              202684.95","         69","      20178","         71.75"
"BARTRONICS","EQ","22-Jan-2019","          7.25","          7.30","          7.30","          7.10","          7.10","          7.20","          7.14","      23234","              165775.75","         66","      19739","         84.96"
"BARTRONICS","EQ","23-Jan-2019","          7.20","          7.00","          7.20","          6.50","          6.90","          6.75","          6.75","      30670","              207154.40","        165","      21795","         71.06"
"BARTRONICS","EQ","24-Jan-2019","          6.75","          6.90","          6.90","          6.50","          6.70","          6.55","          6.59","      21638","              142517.00","         82","      15176","         70.14"
"BARTRONICS","EQ","25-Jan-2019","          6.55","          6.60","          6.85","          6.60","          6.75","          6.75","          6.71","      25890","              173807.25","         54","      23887","         92.26"
"BARTRONICS","EQ","28-Jan-2019","          6.75","          6.50","          6.85","          6.35","          6.50","          6.45","          6.53","      16647","              108772.45","        104","      14044","         84.36"
"BARTRONICS","EQ","29-Jan-2019","          6.45","          6.95","          6.95","          6.60","          6.60","          6.60","          6.78","      30133","              204260.75","         72","      14169","         47.02"
"BARTRONICS","EQ","30-Jan-2019","          6.60","          6.65","          6.80","          6.50","          6.50","          6.50","          6.54","      12852","               84066.20","         32","      12579","         97.88"
"BARTRONICS","EQ","31-Jan-2019","          6.50","          6.50","          6.95","          6.15","          6.50","          6.35","          6.42","      22746","              146005.15","         63","      14200","         62.43"
"BARTRONICS","EQ","01-Feb-2019","          6.35","          6.50","          6.75","          6.35","          6.50","          6.45","          6.56","      11944","               78397.90","         37","       9423","         78.89"
"BARTRONICS","EQ","04-Feb-2019","          6.45","          6.25","          6.50","          6.25","          6.35","          6.35","          6.38","      14032","               89482.60","         71","      10837","         77.23"
"BARTRONICS","EQ","05-Feb-2019","          6.35","          6.30","          6.30","          5.85","          5.95","          5.95","          6.11","      35620","              217545.65","        140","      29073","         81.62"
"BARTRONICS","EQ","06-Feb-2019","          5.95","          5.75","          5.90","          5.25","          5.75","          5.65","          5.62","      79139","              444796.30","        211","      39490","         49.90"
"BARTRONICS","EQ","07-Feb-2019","          5.65","          6.00","          6.00","          5.50","          5.95","          5.65","          5.79","      28692","              166059.85","         96","      19367","         67.50"
"BARTRONICS","EQ","08-Feb-2019","          5.65","          5.60","          5.95","          5.60","          5.75","          5.85","          5.78","      12307","               71155.90","         44","       5702","         46.33"
"BARTRONICS","EQ","11-Feb-2019","          5.85","          5.85","          5.85","          5.50","          5.80","          5.65","          5.68","      14500","               82407.25","         69","       9908","         68.33"
"BARTRONICS","EQ","12-Feb-2019","          5.65","          5.65","          5.95","          5.65","          5.95","          5.95","          5.87","      15500","               91057.85","         40","      11298","         72.89"
"BARTRONICS","EQ","13-Feb-2019","          5.95","          5.70","          5.85","          5.20","          5.20","          5.25","          5.45","      59990","              326812.80","        190","      53872","         89.80"
"BARTRONICS","EQ","14-Feb-2019","          5.25","          5.00","          5.25","          4.60","          4.95","          5.00","          4.98","      49619","              247000.30","        274","      34278","         69.08"
"BARTRONICS","EQ","15-Feb-2019","          5.00","          5.10","          5.20","          4.75","          5.00","          5.00","          4.86","      33702","              163792.50","        134","      24904","         73.89"
"BARTRONICS","EQ","18-Feb-2019","          5.00","          5.40","          5.40","          4.60","          5.00","          5.00","          4.94","      15086","               74536.95","        106","      11837","         78.46"
"BARTRONICS","EQ","19-Feb-2019","          5.00","          5.00","          5.80","          5.00","          5.35","          5.35","          5.46","      28355","              154851.45","         95","      20355","         71.79"
"BARTRONICS","EQ","20-Feb-2019","          5.35","          5.35","          5.65","          5.35","          5.35","          5.35","          5.38","       9291","               50012.55","         67","       6621","         71.26"
"BARTRONICS","EQ","21-Feb-2019","          5.35","          5.65","          5.65","          5.35","          5.40","          5.45","          5.49","      14342","               78721.90","         39","       7721","         53.83"
"BARTRONICS","EQ","22-Feb-2019","          5.45","          5.20","          6.50","          5.20","          6.50","          6.50","          6.41","     121175","              777024.55","        150","      79335","         65.47"
"BARTRONICS","EQ","25-Feb-2019","          6.50","          7.05","          7.75","          6.60","          7.55","          7.55","          7.16","     225170","             1611256.10","        715","     108685","         48.27"
"BARTRONICS","EQ","26-Feb-2019","          7.55","          7.15","          7.15","          6.80","          6.80","          6.85","          6.87","      77188","              530244.90","        206","      47019","         60.91"
"BARTRONICS","EQ","27-Feb-2019","          6.85","          6.50","          7.50","          6.45","          7.10","          6.85","          7.03","      63266","              444676.35","        198","      25429","         40.19"
"BARTRONICS","EQ","28-Feb-2019","          6.85","          7.25","          7.50","          6.45","          6.80","          6.75","          6.80","      95907","              652120.15","        273","      32683","         34.08"
"BARTRONICS","EQ","01-Mar-2019","          6.75","          7.00","          7.10","          6.75","          6.90","          6.80","          6.88","      17138","              117843.85","         95","      11835","         69.06"
"BARTRONICS","EQ","05-Mar-2019","          6.80","          7.25","          7.25","          6.65","          7.00","          6.95","          6.90","      44007","              303520.90","        265","      32707","         74.32"
"BARTRONICS","EQ","06-Mar-2019","          6.95","          7.00","          7.15","          6.80","          6.90","          6.80","          6.90","      45639","              314928.40","        209","      28497","         62.44"
"BARTRONICS","EQ","07-Mar-2019","          6.80","          6.85","          7.20","          6.80","          6.80","          6.90","          6.93","      27413","              190028.30","         77","      22554","         82.27"
"BARTRONICS","EQ","08-Mar-2019","          6.90","          6.80","          7.10","          6.75","          6.75","          6.80","          6.85","      25979","              178013.50","         71","      12715","         48.94"
"BARTRONICS","EQ","11-Mar-2019","          6.80","          6.95","          6.95","          6.70","          6.70","          6.75","          6.83","      21704","              148277.20","        177","      14014","         64.57"
"BARTRONICS","EQ","12-Mar-2019","          6.75","          6.95","          6.95","          6.75","          6.85","          6.85","          6.87","      40796","              280429.65","        123","      28455","         69.75"
"BARTRONICS","EQ","13-Mar-2019","          6.85","          6.90","          6.90","          6.70","          6.70","          6.75","          6.80","      25593","              173938.30","         78","      23048","         90.06"
"BARTRONICS","EQ","14-Mar-2019","          6.75","          6.75","          6.85","          6.70","          6.70","          6.70","          6.75","      25152","              169709.20","         83","      15143","         60.21"
"BARTRONICS","EQ","15-Mar-2019","          6.70","          6.80","          7.00","          6.70","          6.75","          6.70","          6.73","       8284","               55776.40","         39","       6795","         82.03"
"BARTRONICS","EQ","18-Mar-2019","          6.70","          6.70","          6.95","          6.70","          6.85","          6.75","          6.74","      18007","              121440.55","         63","      13807","         76.68"
"BARTRONICS","EQ","19-Mar-2019","          6.75","          6.85","          6.85","          6.70","          6.70","          6.75","          6.71","      46655","              313151.75","         99","      43503","         93.24"
"BARTRONICS","EQ","20-Mar-2019","          6.75","          6.75","          6.80","          6.65","          6.65","          6.65","          6.69","      29350","              196446.50","         92","      27166","         92.56"
"BARTRONICS","EQ","22-Mar-2019","          6.65","          6.90","          6.90","          6.60","          6.60","          6.60","          6.70","      16310","              109259.35","         70","      14264","         87.46"
"BARTRONICS","EQ","25-Mar-2019","          6.60","          6.55","          6.70","          6.55","          6.55","          6.55","          6.58","      20155","              132593.20","         73","      13118","         65.09"
"BARTRONICS","EQ","26-Mar-2019","          6.55","          6.55","          6.70","          6.50","          6.55","          6.50","          6.53","      19475","              127200.30","         73","      17796","         91.38"
"BARTRONICS","EQ","27-Mar-2019","          6.50","          6.55","          6.75","          6.30","          6.30","          6.30","          6.51","      78293","              509553.70","        190","      63288","         80.83"
"BARTRONICS","EQ","28-Mar-2019","          6.30","          6.50","          6.65","          6.30","          6.30","          6.35","          6.45","      24441","              157634.30","        106","      17846","         73.02"
"BARTRONICS","EQ","29-Mar-2019","          6.35","          6.40","          6.95","          6.40","          6.45","          6.50","          6.62","      49711","              328939.80","        152","      35100","         70.61"
"BARTRONICS","EQ","01-Apr-2019","          6.50","          6.60","          6.85","          6.40","          6.50","          6.50","          6.51","      30133","              196268.65","         83","      20769","         68.92"
"BARTRONICS","EQ","02-Apr-2019","          6.50","          6.65","          6.75","          6.45","          6.60","          6.60","          6.65","      20488","              136180.25","         72","      13152","         64.19"
"BARTRONICS","EQ","03-Apr-2019","          6.60","          6.75","          6.80","          6.50","          6.60","          6.60","          6.59","      11241","               74044.10","         62","       6615","         58.85"
"BARTRONICS","EQ","04-Apr-2019","          6.60","          6.60","          6.60","          6.45","          6.55","          6.50","          6.50","       8041","               52247.15","         59","       6741","         83.83"
"BARTRONICS","EQ","05-Apr-2019","          6.50","          6.45","          6.85","          6.45","          6.80","          6.75","          6.73","      25234","              169712.50","         80","      13085","         51.85"
"BARTRONICS","EQ","08-Apr-2019","          6.75","          6.55","          6.70","          6.50","          6.50","          6.50","          6.55","      15521","              101680.85","         75","      13265","         85.46"
"BARTRONICS","EQ","09-Apr-2019","          6.50","          6.50","          6.85","          6.50","          6.65","          6.60","          6.58","      12769","               83983.05","         59","      10533","         82.49"
"BARTRONICS","EQ","10-Apr-2019","          6.60","          6.55","          6.65","          6.50","          6.55","          6.50","          6.55","      28233","              184952.05","         81","      16423","         58.17"
"BARTRONICS","EQ","11-Apr-2019","          6.50","          6.85","          6.85","          6.50","          6.50","          6.50","          6.57","      14497","               95239.85","         56","      12013","         82.87"
"BARTRONICS","EQ","12-Apr-2019","          6.50","          6.65","          6.65","          6.50","          6.50","          6.50","          6.52","      24043","              156684.65","         59","      18516","         77.01"
"BARTRONICS","EQ","15-Apr-2019","          6.50","          6.50","          6.70","          6.45","          6.45","          6.45","          6.50","      16115","              104813.25","         74","      13622","         84.53"
"BARTRONICS","EQ","16-Apr-2019","          6.45","          6.50","          6.55","          6.45","          6.50","          6.50","          6.47","      12817","               82874.40","         51","      12366","         96.48"
"BARTRONICS","EQ","18-Apr-2019","          6.50","          6.50","          6.70","          6.35","          6.35","          6.40","          6.45","      28540","              183942.50","         97","      24004","         84.11"
"BARTRONICS","EQ","22-Apr-2019","          6.40","          6.35","          6.40","          6.30","          6.35","          6.30","          6.31","      36547","              230726.30","        112","      34797","         95.21"
"BARTRONICS","EQ","23-Apr-2019","          6.30","          6.30","          6.50","          6.30","          6.30","          6.30","          6.31","      11354","               71637.60","         29","      11340","         99.88"
"BARTRONICS","EQ","24-Apr-2019","          6.30","          6.30","          6.40","          6.25","          6.25","          6.25","          6.31","       5390","               34003.85","         26","       5389","         99.98"
"BARTRONICS","EQ","25-Apr-2019","          6.25","          6.30","          6.50","          6.25","          6.35","          6.35","          6.31","       9411","               59416.15","         25","       5822","         61.86"
"BARTRONICS","EQ","26-Apr-2019","          6.35","          6.30","          6.40","          6.20","          6.35","          6.25","          6.26","      30403","              190248.75","         81","      23574","         77.54"
"BARTRONICS","EQ","30-Apr-2019","          6.25","          6.30","          6.30","          6.10","          6.10","          6.10","          6.14","      26031","              159727.10","        115","      25863","         99.35"
"BARTRONICS","EQ","02-May-2019","          6.10","          6.30","          6.30","          5.90","          5.90","          5.95","          5.96","      14837","               88495.75","        102","      11909","         80.27"
"BARTRONICS","EQ","03-May-2019","          5.95","          6.00","          6.10","          5.80","          5.80","          5.80","          5.90","      20681","              121989.75","         89","      17724","         85.70"
"BARTRONICS","EQ","06-May-2019","          5.80","          5.70","          5.90","          5.70","          5.75","          5.75","          5.80","      19240","              111682.30","         85","      12503","         64.98"
"BARTRONICS","EQ","07-May-2019","          5.75","          5.85","          6.00","          5.60","          5.90","          5.85","          5.77","      21499","              124049.20","        106","      14941","         69.50"
"BARTRONICS","EQ","08-May-2019","          5.85","          5.85","          5.85","          5.55","          5.55","          5.55","          5.61","      27709","              155565.30","        104","      22419","         80.91"
"BARTRONICS","EQ","09-May-2019","          5.55","          5.70","          5.70","          5.55","          5.60","          5.55","          5.58","      17511","               97737.50","         53","      17007","         97.12"
"BARTRONICS","EQ","10-May-2019","          5.55","          5.55","          5.80","          5.55","          5.70","          5.70","          5.65","      11139","               62990.10","         50","      10999","         98.74"
"BARTRONICS","EQ","13-May-2019","          5.70","          5.70","          6.65","          5.70","          6.50","          6.50","          6.24","     104956","              655037.05","        394","      71864","         68.47"
"BARTRONICS","EQ","14-May-2019","          6.50","          6.50","          7.65","          6.50","          6.85","          6.85","          7.13","     276044","             1969208.15","       1270","     102554","         37.15"
"BARTRONICS","EQ","15-May-2019","          6.85","          7.05","          7.45","          6.60","          6.80","          6.80","          7.01","     177564","             1245445.20","        586","      90587","         51.02"
"BARTRONICS","EQ","16-May-2019","          6.80","          6.70","          6.80","          6.15","          6.15","          6.20","          6.34","      44476","              281999.30","        287","      32135","         72.25"
"BARTRONICS","EQ","17-May-2019","          6.20","          6.20","          6.50","          5.75","          6.00","          6.05","          6.21","      59167","              367321.70","        197","      30667","         51.83"
"BARTRONICS","EQ","20-May-2019","          6.05","          6.15","          6.80","          5.50","          5.85","          5.90","          5.92","      76913","              455404.00","        316","      46848","         60.91"
"BARTRONICS","EQ","21-May-2019","          5.90","          5.90","          6.70","          5.70","          5.75","          5.75","          6.00","      77355","              463857.80","        225","      26343","         34.05"
"BARTRONICS","EQ","22-May-2019","          5.75","          5.75","          6.10","          5.75","          5.85","          5.85","          5.95","      28883","              171863.75","        151","      13081","         45.29"
"BARTRONICS","EQ","23-May-2019","          5.85","          6.30","          6.40","          5.90","          6.25","          6.10","          6.11","      31980","              195353.55","        125","      18797","         58.78"
"BARTRONICS","EQ","24-May-2019","          6.10","          6.10","          6.30","          5.90","          6.00","          6.05","          6.02","      39622","              238525.20","        188","      26681","         67.34"
"BARTRONICS","EQ","27-May-2019","          6.05","          6.00","          6.15","          5.80","          6.00","          6.00","          6.03","      10472","               63168.00","        100","       9023","         86.16"
"BARTRONICS","EQ","28-May-2019","          6.00","          6.05","          6.25","          6.00","          6.10","          6.00","          6.12","       9880","               60510.50","         40","       6999","         70.84"
"BARTRONICS","EQ","29-May-2019","          6.00","          5.80","          6.00","          5.80","          5.80","          5.85","          5.87","      13407","               78646.10","         72","      10333","         77.07"
"BARTRONICS","EQ","30-May-2019","          5.85","          5.80","          6.05","          5.60","          5.85","          5.85","          5.82","      28006","              163131.65","        118","      17702","         63.21"
"BARTRONICS","EQ","31-May-2019","          5.85","          5.80","          6.05","          5.70","          5.75","          5.70","          5.76","      28327","              163267.85","        128","      19838","         70.03"
"BARTRONICS","EQ","03-Jun-2019","          5.70","          5.70","          5.95","          5.65","          5.70","          5.70","          5.70","      13700","               78097.60","        157","       8209","         59.92"
"BARTRONICS","EQ","04-Jun-2019","          5.70","          5.70","          5.90","          5.60","          5.65","          5.65","          5.69","       8018","               45603.60","         57","       5202","         64.88"
"BARTRONICS","EQ","06-Jun-2019","          5.65","          5.60","          5.60","          5.35","          5.40","          5.40","          5.47","       9207","               50326.30","         82","       7771","         84.40"
"BARTRONICS","EQ","07-Jun-2019","          5.40","          5.35","          5.50","          5.05","          5.10","          5.15","          5.20","      13786","               71627.80","        114","       7456","         54.08"
"BARTRONICS","EQ","10-Jun-2019","          5.15","          5.95","          5.95","          4.80","          5.15","          5.15","          5.17","      10252","               53009.30","        101","       5505","         53.70"
"BARTRONICS","EQ","11-Jun-2019","          5.15","          5.05","          5.20","          5.00","          5.05","          5.05","          5.04","       6525","               32886.05","         44","       6212","         95.20"
"BARTRONICS","EQ","12-Jun-2019","          5.05","          5.05","          5.15","          4.80","          5.10","          5.10","          4.98","       8971","               44638.20","         44","       7504","         83.65"
"BARTRONICS","EQ","13-Jun-2019","          5.10","          5.30","          5.30","          4.75","          4.80","          4.80","          4.82","      16642","               80164.35","         81","      11057","         66.44"
"BARTRONICS","EQ","14-Jun-2019","          4.80","          5.35","          5.35","          4.65","          4.90","          4.90","          4.87","      22348","              108926.45","        100","      15334","         68.61"
"BARTRONICS","EQ","17-Jun-2019","          4.90","          5.00","          5.00","          4.70","          4.70","          4.75","          4.77","      15656","               74735.70","        130","      12572","         80.30"
"BARTRONICS","EQ","18-Jun-2019","          4.75","          5.20","          5.20","          4.60","          4.65","          4.65","          4.71","       6599","               31097.90","         31","       6084","         92.20"
"BARTRONICS","EQ","19-Jun-2019","          4.65","          4.60","          4.90","          3.75","          3.90","          3.75","          4.13","      32478","              134031.80","        221","      24550","         75.59"
"BARTRONICS","EQ","20-Jun-2019","          3.75","          4.00","          4.15","          3.15","          3.55","          3.50","          3.48","     110224","              383262.95","        400","      61977","         56.23"
"BARTRONICS","EQ","21-Jun-2019","          3.50","          3.70","          3.80","          3.50","          3.55","          3.55","          3.63","      29994","              109008.95","        121","      25519","         85.08"
"BARTRONICS","EQ","24-Jun-2019","          3.55","          3.80","          3.80","          3.40","          3.40","          3.45","          3.54","      14625","               51797.35","         70","      12874","         88.03"
"BARTRONICS","EQ","25-Jun-2019","          3.45","          3.40","          3.60","          3.30","          3.50","          3.40","          3.43","      17589","               60417.75","         87","      15817","         89.93"
"BARTRONICS","EQ","26-Jun-2019","          3.40","          3.65","          3.70","          3.35","          3.70","          3.70","          3.61","      33882","              122187.60","        107","      22258","         65.69"
"BARTRONICS","EQ","27-Jun-2019","          3.70","          3.95","          4.05","          3.80","          4.05","          4.05","          4.01","      23926","               95988.75","        111","      23367","         97.66"
"BARTRONICS","EQ","28-Jun-2019","          4.05","          4.40","          4.40","          3.70","          3.80","          3.80","          4.02","      47249","              189898.45","         93","      30162","         63.84"
"BARTRONICS","EQ","01-Jul-2019","          3.80","          3.50","          4.10","          3.50","          3.80","          3.75","          3.81","       4280","               16307.35","         46","       2570","         60.05"
"BARTRONICS","EQ","02-Jul-2019","          3.75","          3.80","          3.90","          3.75","          3.80","          3.80","          3.82","       2797","               10695.35","         21","       2569","         91.85"
"BARTRONICS","EQ","03-Jul-2019","          3.80","          4.05","          4.05","          3.60","          3.90","          3.85","          3.83","      12380","               47379.40","         56","       8443","         68.20"
"BARTRONICS","EQ","04-Jul-2019","          3.85","          3.85","          4.00","          3.85","          4.00","          4.00","          3.91","      11445","               44799.40","         35","      11445","        100.00"
"BARTRONICS","EQ","05-Jul-2019","          4.00","          4.00","          4.00","          3.75","          3.75","          3.75","          3.82","       9956","               38057.50","         38","       9953","         99.97"
"BARTRONICS","EQ","08-Jul-2019","          3.75","          3.65","          3.85","          3.55","          3.60","          3.60","          3.67","       4529","               16609.45","         46","       4122","         91.01"
"BARTRONICS","EQ","09-Jul-2019","          3.60","          3.50","          3.75","          3.40","          3.50","          3.50","          3.51","       7640","               26826.50","         44","       5999","         78.52"
"BARTRONICS","EQ","10-Jul-2019","          3.50","          3.40","          3.65","          3.40","          3.45","          3.45","          3.47","       4213","               14632.40","         45","       2778","         65.94"
"BARTRONICS","EQ","11-Jul-2019","          3.45","          3.35","          3.60","          3.35","          3.60","          3.60","          3.49","      11514","               40241.35","         36","       9343","         81.14"
"BARTRONICS","EQ","12-Jul-2019","          3.60","          3.95","          3.95","          3.40","          3.50","          3.60","          3.67","      13136","               48219.45","         44","      11456","         87.21"
"BARTRONICS","EQ","15-Jul-2019","          3.60","          3.85","          3.85","          3.25","          3.35","          3.35","          3.43","      15644","               53625.20","         54","      12036","         76.94"
"BARTRONICS","EQ","16-Jul-2019","          3.35","          3.15","          3.45","          3.15","          3.40","          3.35","          3.31","       9409","               31181.25","         43","       5995","         63.72"
"BARTRONICS","EQ","17-Jul-2019","          3.35","          3.50","          3.65","          3.30","          3.45","          3.40","          3.46","      25407","               87963.10","         69","      15115","         59.49"
"BARTRONICS","EQ","18-Jul-2019","          3.40","          3.40","          3.45","          3.25","          3.35","          3.30","          3.30","      10670","               35181.55","         38","       8880","         83.22"
"BARTRONICS","EQ","19-Jul-2019","          3.30","          3.30","          3.35","          3.05","          3.20","          3.20","          3.15","      18688","               58806.55","         45","      15563","         83.28"
"BARTRONICS","EQ","22-Jul-2019","          3.20","          3.20","          3.30","          3.05","          3.25","          3.20","          3.18","       4448","               14134.75","         35","       3568","         80.22"
"BARTRONICS","EQ","23-Jul-2019","          3.20","          3.05","          3.30","          3.05","          3.15","          3.15","          3.20","      17728","               56772.90","         59","       6691","         37.74"
"BARTRONICS","EQ","24-Jul-2019","          3.15","          3.35","          3.35","          3.10","          3.30","          3.30","          3.22","       7247","               23299.45","         31","       5531","         76.32"
"BARTRONICS","EQ","25-Jul-2019","          3.30","          3.10","          3.35","          3.10","          3.15","          3.15","          3.15","      15835","               49952.40","         52","      10532","         66.51"
"BARTRONICS","EQ","26-Jul-2019","          3.15","          3.45","          3.45","          3.00","          3.00","          3.00","          3.07","      14601","               44873.15","         80","      11737","         80.38"
"BARTRONICS","EQ","29-Jul-2019","          3.00","          3.00","          3.15","          2.95","          3.00","          3.00","          3.01","       9226","               27767.10","         58","       7620","         82.59"
"BARTRONICS","EQ","30-Jul-2019","          3.00","          3.00","          3.20","          2.75","          3.10","          3.05","          2.93","      12057","               35295.10","         63","      11861","         98.37"
"BARTRONICS","EQ","31-Jul-2019","          3.05","          2.95","          3.10","          2.80","          3.05","          3.00","          2.91","      10116","               29439.35","         49","       9597","         94.87"
"BARTRONICS","EQ","01-Aug-2019","          3.00","          2.70","          3.05","          2.70","          3.05","          3.00","          3.01","       4466","               13428.65","         20","       4227","         94.65"
"BARTRONICS","EQ","02-Aug-2019","          3.00","          3.15","          3.15","          2.70","          3.00","          2.95","          2.81","      18631","               52275.10","         73","      13711","         73.59"
"BARTRONICS","EQ","05-Aug-2019","          2.95","          2.70","          3.05","          2.70","          2.70","          2.75","          2.80","       7141","               19971.25","         28","       4887","         68.44"
"BARTRONICS","EQ","06-Aug-2019","          2.75","          2.70","          3.00","          2.50","          3.00","          3.00","          2.94","      10742","               31632.30","         42","       9313","         86.70"
"BARTRONICS","EQ","07-Aug-2019","          3.00","          2.80","          3.10","          2.75","          2.75","          2.80","          2.86","       5335","               15243.95","         27","       2940","         55.11"
"BARTRONICS","EQ","08-Aug-2019","          2.80","          2.80","          2.95","          2.75","          2.75","          2.75","          2.78","       5131","               14275.30","         27","       4162","         81.11"
"BARTRONICS","EQ","09-Aug-2019","          2.75","          2.75","          3.00","          2.75","          2.75","          2.80","          2.89","       8400","               24300.00","         30","       6102","         72.64"
"BARTRONICS","EQ","13-Aug-2019","          2.80","          2.70","          3.05","          2.55","          2.70","          2.60","          2.64","      61379","              162172.25","        134","      54927","         89.49"
"BARTRONICS","EQ","14-Aug-2019","          2.60","          2.60","          2.75","          2.35","          2.50","          2.50","          2.49","       6861","               17114.50","         44","       5594","         81.53"
"BARTRONICS","EQ","16-Aug-2019","          2.50","          2.45","          2.70","          2.25","          2.35","          2.30","          2.38","      22699","               54105.90","         89","      11883","         52.35"
"BARTRONICS","EQ","19-Aug-2019","          2.30","          2.40","          2.40","          2.40","          2.40","          2.40","          2.40","      15131","               36314.40","         29","      11156","         73.73"
"BARTRONICS","EQ","20-Aug-2019","          2.40","          2.30","          2.50","          2.30","          2.50","          2.40","          2.48","       5263","               13028.70","         24","       5237","         99.51"
"BARTRONICS","EQ","21-Aug-2019","          2.40","          2.45","          2.50","          2.30","          2.50","          2.45","          2.44","      20509","               50011.70","         53","      17685","         86.23"
"BARTRONICS","EQ","22-Aug-2019","          2.45","          2.35","          2.55","          2.35","          2.50","          2.45","          2.48","      24866","               61782.55","         69","      16160","         64.99"
"BARTRONICS","EQ","23-Aug-2019","          2.45","          2.35","          2.55","          2.35","          2.50","          2.55","          2.50","      32912","               82349.25","         44","      24602","         74.75"
"BARTRONICS","EQ","26-Aug-2019","          2.55","          2.65","          2.65","          2.50","          2.65","          2.65","          2.58","      13992","               36093.00","         49","      10874","         77.72"
"BARTRONICS","EQ","27-Aug-2019","          2.65","          2.55","          2.70","          2.55","          2.55","          2.65","          2.57","      11984","               30784.50","         30","       9687","         80.83"
"BARTRONICS","EQ","28-Aug-2019","          2.65","          2.60","          2.70","          2.55","          2.70","          2.70","          2.65","       5696","               15086.20","         36","       2852","         50.07"
"BARTRONICS","EQ","29-Aug-2019","          2.70","          2.80","          2.80","          2.65","          2.65","          2.65","          2.70","       2546","                6879.90","         19","       1676","         65.83"
"BARTRONICS","EQ","30-Aug-2019","          2.65","          2.55","          2.70","          2.55","          2.55","          2.65","          2.60","       3994","               10401.85","         38","       2108","         52.78"
"BARTRONICS","EQ","03-Sep-2019","          2.65","          2.60","          2.70","          2.55","          2.55","          2.55","          2.57","       6185","               15923.15","         36","       3292","         53.23"
"BARTRONICS","EQ","04-Sep-2019","          2.55","          2.45","          2.65","          2.45","          2.45","          2.45","          2.46","       6679","               16426.20","         34","       5575","         83.47"
"BARTRONICS","EQ","05-Sep-2019","          2.45","          2.45","          2.50","          2.35","          2.50","          2.50","          2.40","      10691","               25677.15","         35","       5855","         54.77"
"BARTRONICS","EQ","06-Sep-2019","          2.50","          2.40","          2.60","          2.40","          2.45","          2.45","          2.44","       6692","               16332.30","         32","       5788","         86.49"
"BARTRONICS","EQ","09-Sep-2019","          2.45","          2.35","          2.40","          2.35","          2.40","          2.40","          2.36","       4651","               10989.55","         15","       4651","        100.00"
"BARTRONICS","BE","11-Sep-2019","          2.40","          2.50","          2.50","          2.30","          2.45","          2.45","          2.39","      33776","               80887.00","         42","-","-"
"BARTRONICS","BE","12-Sep-2019","          2.45","          2.35","          2.55","          2.35","          2.35","          2.35","          2.42","      10893","               26327.15","         27","-","-"
"BARTRONICS","BE","13-Sep-2019","          2.35","          2.35","          2.45","          2.35","          2.40","          2.40","          2.42","       5702","               13782.65","         15","-","-"
"BARTRONICS","BE","16-Sep-2019","          2.40","          2.30","          2.50","          2.30","          2.40","          2.40","          2.40","       4693","               11256.60","         15","-","-"
"BARTRONICS","BE","17-Sep-2019","          2.40","          2.50","          2.50","          2.30","          2.30","          2.30","          2.36","       4407","               10383.60","         13","-","-"
"BARTRONICS","BE","18-Sep-2019","          2.30","          2.20","          2.40","          2.20","          2.25","          2.25","          2.33","       7180","               16746.85","         32","-","-"
"BARTRONICS","BE","19-Sep-2019","          2.25","          2.15","          2.35","          2.15","          2.35","          2.30","          2.25","      14558","               32770.40","         25","-","-"
"BARTRONICS","BE","20-Sep-2019","          2.30","          2.35","          2.40","          2.20","          2.20","          2.20","          2.26","       4049","                9155.10","         17","-","-"
"BARTRONICS","BE","23-Sep-2019","          2.20","          2.15","          2.30","          2.15","          2.20","          2.20","          2.20","       6436","               14133.95","         23","-","-"
"BARTRONICS","BE","24-Sep-2019","          2.20","          2.10","          2.30","          2.10","          2.20","          2.20","          2.16","       3103","                6714.00","         21","-","-"
"BARTRONICS","BE","25-Sep-2019","          2.20","          2.25","          2.25","          2.10","          2.10","          2.10","          2.14","       2554","                5469.90","         17","-","-"
"BARTRONICS","BE","26-Sep-2019","          2.10","          2.10","          2.20","          2.10","          2.20","          2.20","          2.10","       3740","                7864.00","          9","-","-"
"BARTRONICS","BE","27-Sep-2019","          2.20","          2.10","          2.20","          2.10","          2.15","          2.20","          2.18","       6838","               14931.00","         14","-","-"
"BARTRONICS","BE","30-Sep-2019","          2.20","          2.20","          2.30","          2.10","          2.10","          2.10","          2.11","       9718","               20507.90","         14","-","-"
"BARTRONICS","BE","01-Oct-2019","          2.10","          2.10","          2.10","          2.00","          2.00","          2.00","          2.00","       2405","                4810.10","         16","-","-"
"BARTRONICS","BE","03-Oct-2019","          2.00","          2.10","          2.10","          1.90","          1.90","          1.90","          1.92","      17658","               33952.20","         36","-","-"
"BARTRONICS","BE","04-Oct-2019","          1.90","          1.90","          1.95","          1.90","          1.90","          1.90","          1.90","       5553","               10563.20","         11","-","-"
"BARTRONICS","BE","07-Oct-2019","          1.90","          1.90","          1.90","          1.90","          1.90","          1.90","          1.90","       1400","                2660.00","         10","-","-"
"BARTRONICS","BE","09-Oct-2019","          1.90","          1.85","          1.85","          1.85","          1.85","          1.85","          1.85","       4743","                8774.55","         16","-","-"
"BARTRONICS","BE","10-Oct-2019","          1.85","          1.85","          1.90","          1.80","          1.80","          1.80","          1.84","       6200","               11417.70","         30","-","-"
"BARTRONICS","BE","11-Oct-2019","          1.80","          1.80","          1.80","          1.75","          1.75","          1.75","          1.79","       1158","                2071.50","          7","-","-"
"BARTRONICS","BE","14-Oct-2019","          1.75","          1.70","          1.70","          1.70","          1.70","          1.70","          1.70","       3820","                6494.00","         10","-","-"
"BARTRONICS","BE","15-Oct-2019","          1.70","          1.70","          1.70","          1.65","          1.65","          1.65","          1.65","       5121","                8455.15","         13","-","-"
"BARTRONICS","BE","16-Oct-2019","          1.65","          1.60","          1.60","          1.60","          1.60","          1.60","          1.60","        312","                 499.20","          6","-","-"
"BARTRONICS","BE","17-Oct-2019","          1.60","          1.55","          1.55","          1.55","          1.55","          1.55","          1.55","       4596","                7123.80","         10","-","-"
"BARTRONICS","BE","18-Oct-2019","          1.55","          1.50","          1.50","          1.50","          1.50","          1.50","          1.50","      14518","               21777.00","         20","-","-"
"BARTRONICS","BE","22-Oct-2019","          1.50","          1.45","          1.45","          1.45","          1.45","          1.45","          1.45","       1559","                2260.55","         12","-","-"
"BARTRONICS","BE","23-Oct-2019","          1.45","          1.40","          1.40","          1.40","          1.40","          1.40","          1.40","       2071","                2899.40","          7","-","-"
"BARTRONICS","BE","24-Oct-2019","          1.40","          1.35","          1.40","          1.35","          1.40","          1.35","          1.36","       7426","               10065.10","         19","-","-"
"BARTRONICS","BE","25-Oct-2019","          1.35","          1.35","          1.40","          1.30","          1.30","          1.30","          1.30","       2804","                3651.55","         10","-","-"
"BARTRONICS","BE","27-Oct-2019","          1.30","          1.25","          1.25","          1.25","          1.25","          1.25","          1.25","       5440","                6800.00","         15","-","-"
"BARTRONICS","BE","29-Oct-2019","          1.25","          1.20","          1.20","          1.20","          1.20","          1.20","          1.20","      42267","               50720.40","         43","-","-"
"BARTRONICS","BE","30-Oct-2019","          1.20","          1.15","          1.25","          1.15","          1.25","          1.25","          1.22","       8113","                9936.25","         23","-","-"
"BARTRONICS","BE","31-Oct-2019","          1.25","          1.20","          1.30","          1.20","          1.30","          1.30","          1.29","       7253","                9388.90","         19","-","-"
"BARTRONICS","BE","01-Nov-2019","          1.30","          1.30","          1.35","          1.30","          1.35","          1.35","          1.31","       2877","                3777.15","         14","-","-"
"BARTRONICS","BE","04-Nov-2019","          1.35","          1.40","          1.40","          1.40","          1.40","          1.40","          1.40","        970","                1358.00","          6","-","-"
"BARTRONICS","BE","05-Nov-2019","          1.40","          1.45","          1.45","          1.45","          1.45","          1.45","          1.45","      10265","               14884.25","         13","-","-"
"BARTRONICS","BE","06-Nov-2019","          1.45","          1.50","          1.50","          1.50","          1.50","          1.50","          1.50","       9815","               14722.50","         21","-","-"
"BARTRONICS","BE","07-Nov-2019","          1.50","          1.50","          1.55","          1.50","          1.55","          1.55","          1.54","      12867","               19868.85","         23","-","-"
"BARTRONICS","BE","08-Nov-2019","          1.55","          1.60","          1.60","          1.60","          1.60","          1.60","          1.60","       3458","                5532.80","         11","-","-"
"BARTRONICS","BE","11-Nov-2019","          1.60","          1.65","          1.65","          1.65","          1.65","          1.65","          1.65","       1435","                2367.75","         10","-","-"
"BARTRONICS","BE","13-Nov-2019","          1.65","          1.70","          1.70","          1.70","          1.70","          1.70","          1.70","       5093","                8658.10","         19","-","-"
"BARTRONICS","BE","14-Nov-2019","          1.70","          1.70","          1.70","          1.65","          1.65","          1.65","          1.66","       2663","                4426.95","         12","-","-"
"BARTRONICS","BE","15-Nov-2019","          1.65","          1.60","          1.70","          1.60","          1.70","          1.70","          1.67","       2600","                4349.50","         17","-","-"
"BARTRONICS","BE","18-Nov-2019","          1.70","          1.65","          1.70","          1.65","          1.65","          1.65","          1.68","       6306","               10584.90","         22","-","-"
"BARTRONICS","BE","19-Nov-2019","          1.65","          1.60","          1.65","          1.60","          1.60","          1.60","          1.61","       4490","                7222.50","         21","-","-"
"BARTRONICS","BE","20-Nov-2019","          1.60","          1.60","          1.65","          1.55","          1.55","          1.55","          1.56","       7358","               11497.45","         25","-","-"
"BARTRONICS","BE","21-Nov-2019","          1.55","          1.55","          1.60","          1.50","          1.55","          1.55","          1.52","       2733","                4166.60","         14","-","-"
"BARTRONICS","BE","22-Nov-2019","          1.55","          1.55","          1.60","          1.50","          1.60","          1.60","          1.56","       3320","                5190.00","         16","-","-"
"BARTRONICS","BE","25-Nov-2019","          1.60","          1.65","          1.65","          1.60","          1.60","          1.60","          1.62","      11520","               18610.75","         30","-","-"
"BARTRONICS","BE","26-Nov-2019","          1.60","          1.65","          1.65","          1.65","          1.65","          1.65","          1.65","       4916","                8111.40","         13","-","-"
"BARTRONICS","BE","27-Nov-2019","          1.65","          1.70","          1.70","          1.65","          1.70","          1.70","          1.69","       6383","               10792.15","         27","-","-"
"BARTRONICS","BE","28-Nov-2019","          1.70","          1.75","          1.75","          1.70","          1.75","          1.75","          1.73","       4630","                8003.50","         22","-","-"
"BARTRONICS","BE","29-Nov-2019","          1.75","          1.80","          1.80","          1.70","          1.80","          1.80","          1.78","       2444","                4351.70","         15","-","-"
"BARTRONICS","BE","02-Dec-2019","          1.80","          1.85","          1.85","          1.75","          1.75","          1.75","          1.83","      10027","               18320.60","         28","-","-"
"BARTRONICS","BE","03-Dec-2019","          1.75","          1.70","          1.80","          1.70","          1.70","          1.70","          1.72","      13922","               23927.90","         28","-","-"
"BARTRONICS","BE","04-Dec-2019","          1.70","          1.75","          1.75","          1.65","          1.75","          1.65","          1.67","       7787","               13022.85","         16","-","-"
"BARTRONICS","BE","05-Dec-2019","          1.65","          1.60","          1.70","          1.60","          1.65","          1.65","          1.64","       2598","                4253.10","         20","-","-"
"BARTRONICS","BE","06-Dec-2019","          1.65","          1.65","          1.70","          1.60","          1.60","          1.60","          1.61","      17543","               28289.55","         25","-","-"
"BARTRONICS","BE","09-Dec-2019","          1.60","          1.65","          1.65","          1.55","          1.60","          1.65","          1.55","      17295","               26892.10","         32","-","-"
"BARTRONICS","BE","10-Dec-2019","          1.65","          1.60","          1.70","          1.60","          1.70","          1.60","          1.63","      19907","               32489.00","         26","-","-"
"BARTRONICS","BE","11-Dec-2019","          1.60","          1.60","          1.60","          1.55","          1.60","          1.60","          1.60","       2208","                3532.75","         10","-","-"
"BARTRONICS","BE","12-Dec-2019","          1.60","          1.55","          1.65","          1.55","          1.55","          1.60","          1.59","       4005","                6377.95","         26","-","-"
"BARTRONICS","BE","13-Dec-2019","          1.60","          1.55","          1.65","          1.55","          1.65","          1.65","          1.58","       9908","               15612.70","         30","-","-"
"BARTRONICS","BE","16-Dec-2019","          1.65","          1.60","          1.70","          1.60","          1.60","          1.60","          1.64","       5405","                8864.20","         22","-","-"
"BARTRONICS","BE","17-Dec-2019","          1.60","          1.60","          1.65","          1.55","          1.65","          1.60","          1.56","       8395","               13130.95","         20","-","-"
"BARTRONICS","BE","18-Dec-2019","          1.60","          1.65","          1.65","          1.55","          1.65","          1.65","          1.58","       3253","                5142.45","         17","-","-"
"BARTRONICS","BE","19-Dec-2019","          1.65","          1.65","          1.65","          1.60","          1.60","          1.60","          1.60","       2170","                3479.50","          8","-","-"
"BARTRONICS","BE","20-Dec-2019","          1.60","          1.55","          1.55","          1.55","          1.55","          1.55","          1.55","        877","                1359.35","          9","-","-"
"BARTRONICS","BE","23-Dec-2019","          1.55","          1.60","          1.60","          1.50","          1.50","          1.50","          1.50","       4436","                6654.20","         19","-","-"
"BARTRONICS","BE","24-Dec-2019","          1.50","          1.45","          1.45","          1.45","          1.45","          1.45","          1.45","       3339","                4841.55","         16","-","-"
"BARTRONICS","BE","26-Dec-2019","          1.45","          1.40","          1.45","          1.40","          1.45","          1.45","          1.41","       6273","                8833.70","         13","-","-"
"BARTRONICS","BE","27-Dec-2019","          1.45","          1.45","          1.45","          1.40","          1.40","          1.40","          1.41","       9181","               12988.30","         28","-","-"
"BARTRONICS","BE","30-Dec-2019","          1.40","          1.40","          1.40","          1.35","          1.35","          1.35","          1.37","       7170","                9799.05","         23","-","-"
"BARTRONICS","BE","31-Dec-2019","          1.35","          1.40","          1.40","          1.30","          1.30","          1.30","          1.34","       9209","               12303.30","         30","-","-"
"BARTRONICS","BE","01-Jan-2020","          1.30","          1.25","          1.35","          1.25","          1.35","          1.30","          1.31","       1335","                1745.10","         26","-","-"
"BARTRONICS","BE","02-Jan-2020","          1.30","          1.25","          1.35","          1.25","          1.35","          1.35","          1.33","       3068","                4077.00","         17","-","-"
"BARTRONICS","BE","03-Jan-2020","          1.35","          1.30","          1.40","          1.30","          1.35","          1.35","          1.35","       5751","                7739.80","         29","-","-"
"BARTRONICS","BE","06-Jan-2020","          1.35","          1.40","          1.40","          1.30","          1.40","          1.40","          1.35","       4256","                5763.10","         16","-","-"
"BARTRONICS","BE","07-Jan-2020","          1.40","          1.35","          1.35","          1.35","          1.35","          1.35","          1.35","       6211","                8384.85","         10","-","-"
"BARTRONICS","BE","08-Jan-2020","          1.35","          1.30","          1.40","          1.30","          1.30","          1.30","          1.30","       5150","                6705.00","         18","-","-"
"BARTRONICS","BE","09-Jan-2020","          1.30","          1.30","          1.30","          1.25","          1.30","          1.30","          1.27","       1952","                2472.60","         13","-","-"
"BARTRONICS","BE","10-Jan-2020","          1.30","          1.30","          1.35","          1.25","          1.35","          1.35","          1.29","       1850","                2387.55","         12","-","-"
"BARTRONICS","BE","13-Jan-2020","          1.35","          1.40","          1.40","          1.30","          1.30","          1.30","          1.37","       1552","                2124.75","         13","-","-"
"BARTRONICS","BE","14-Jan-2020","          1.30","          1.25","          1.35","          1.25","          1.35","          1.35","          1.29","       4291","                5530.35","         27","-","-"
"BARTRONICS","BE","15-Jan-2020","          1.35","          1.30","          1.40","          1.30","          1.40","          1.40","          1.40","       3502","                4902.20","         15","-","-"
"BARTRONICS","BE","16-Jan-2020","          1.40","          1.35","          1.45","          1.35","          1.45","          1.40","          1.36","       7414","               10096.40","         32","-","-"
"BARTRONICS","BE","17-Jan-2020","          1.40","          1.40","          1.45","          1.35","          1.35","          1.35","          1.38","      27793","               38313.05","         43","-","-"
"BARTRONICS","BE","20-Jan-2020","          1.35","          1.30","          1.40","          1.30","          1.30","          1.30","          1.30","      11196","               14574.90","         19","-","-"
"BARTRONICS","BE","21-Jan-2020","          1.30","          1.35","          1.35","          1.25","          1.25","          1.30","          1.33","       5060","                6707.80","         17","-","-"
"BARTRONICS","BE","22-Jan-2020","          1.30","          1.35","          1.35","          1.25","          1.25","          1.25","          1.25","       3237","                4054.35","         10","-","-"
"BARTRONICS","BE","23-Jan-2020","          1.25","          1.30","          1.30","          1.20","          1.30","          1.30","          1.22","       3247","                3945.95","         25","-","-"
"BARTRONICS","BE","24-Jan-2020","          1.30","          1.30","          1.35","          1.25","          1.35","          1.35","          1.31","       4149","                5416.20","         13","-","-"
"BARTRONICS","BE","27-Jan-2020","          1.35","          1.35","          1.35","          1.35","          1.35","          1.35","          1.35","       2100","                2835.00","          8","-","-"
"BARTRONICS","BE","28-Jan-2020","          1.35","          1.30","          1.35","          1.30","          1.30","          1.30","          1.30","       2728","                3546.45","         16","-","-"
"BARTRONICS","BE","29-Jan-2020","          1.30","          1.30","          1.30","          1.30","          1.30","          1.30","          1.30","        870","                1131.00","          5","-","-"
"BARTRONICS","BE","30-Jan-2020","          1.30","          1.25","          1.30","          1.25","          1.25","          1.25","          1.25","       2222","                2782.50","          8","-","-"
"BARTRONICS","BE","31-Jan-2020","          1.25","          1.25","          1.30","          1.25","          1.25","          1.25","          1.27","       4183","                5328.25","         14","-","-"
"BARTRONICS","BE","01-Feb-2020","          1.25","          1.25","          1.30","          1.20","          1.25","          1.25","          1.25","       1923","                2399.00","          8","-","-"
"BARTRONICS","BE","03-Feb-2020","          1.25","          1.25","          1.25","          1.20","          1.20","          1.20","          1.20","       3076","                3691.30","          5","-","-"
"BARTRONICS","BE","04-Feb-2020","          1.20","          1.25","          1.25","          1.15","          1.15","          1.15","          1.18","       8403","                9906.70","         25","-","-"
"BARTRONICS","BE","05-Feb-2020","          1.15","          1.10","          1.20","          1.10","          1.20","          1.10","          1.13","      11498","               12959.50","         39","-","-"
"BARTRONICS","BE","06-Feb-2020","          1.10","          1.15","          1.15","          1.10","          1.15","          1.15","          1.15","       3248","                3720.20","         10","-","-"
"BARTRONICS","BE","07-Feb-2020","          1.15","          1.20","          1.20","          1.10","          1.20","          1.20","          1.19","      10978","               13033.50","         24","-","-"
"BARTRONICS","BE","10-Feb-2020","          1.20","          1.20","          1.20","          1.15","          1.15","          1.15","          1.16","       5451","                6316.15","         11","-","-"
"BARTRONICS","BE","11-Feb-2020","          1.15","          1.20","          1.20","          1.10","          1.10","          1.15","          1.13","       4751","                5382.95","         29","-","-"
"BARTRONICS","BE","12-Feb-2020","          1.15","          1.10","          1.15","          1.10","          1.10","          1.10","          1.11","       9743","               10767.30","         17","-","-"
"BARTRONICS","BE","13-Feb-2020","          1.10","          1.10","          1.10","          1.05","          1.05","          1.05","          1.06","      14910","               15750.50","         20","-","-"
"BARTRONICS","BE","14-Feb-2020","          1.05","          1.00","          1.10","          1.00","          1.00","          1.00","          1.02","      14181","               14434.35","         32","-","-"
"BARTRONICS","BE","17-Feb-2020","          1.00","          1.00","          1.05","          0.95","          1.05","          1.05","          0.99","       3964","                3942.00","         20","-","-"
"BARTRONICS","BE","18-Feb-2020","          1.05","          1.00","          1.05","          1.00","          1.00","          1.00","          1.01","        790","                 795.00","          8","-","-"
"BARTRONICS","BE","19-Feb-2020","          1.00","          1.00","          1.05","          0.95","          1.05","          1.00","          1.00","      12275","               12220.65","         33","-","-"
"BARTRONICS","BE","20-Feb-2020","          1.00","          1.05","          1.05","          1.00","          1.05","          1.00","          1.01","      16522","               16677.00","         18","-","-"
"BARTRONICS","BE","24-Feb-2020","          1.00","          1.00","          1.05","          1.00","          1.05","          1.00","          1.05","       6732","                7057.10","          9","-","-"
"BARTRONICS","BE","25-Feb-2020","          1.00","          1.00","          1.05","          1.00","          1.05","          1.00","          1.04","       9308","                9656.70","         21","-","-"
"BARTRONICS","BE","26-Feb-2020","          1.00","          1.00","          1.05","          1.00","          1.00","          1.00","          1.04","       1566","                1627.40","         11","-","-"
"BARTRONICS","BE","27-Feb-2020","          1.00","          0.95","          1.05","          0.95","          1.05","          1.05","          0.98","       1722","                1695.40","          8","-","-"
"BARTRONICS","BE","28-Feb-2020","          1.05","          1.05","          1.05","          1.00","          1.00","          1.00","          1.01","       1297","                1312.00","          3","-","-"
"BARTRONICS","BE","02-Mar-2020","          1.00","          0.95","          1.05","          0.95","          0.95","          0.95","          0.96","       1950","                1864.00","         18","-","-"
"BARTRONICS","BZ","03-Mar-2020","          0.95","          0.90","          0.90","          0.90","          0.90","          0.90","          0.90","        100","                  90.00","          3","-","-"
"BARTRONICS","BZ","04-Mar-2020","          0.90","          0.85","          0.85","          0.85","          0.85","          0.85","          0.85","        100","                  85.00","          1","-","-"
"BARTRONICS","BZ","05-Mar-2020","          0.85","          0.80","          0.90","          0.80","          0.80","          0.80","          0.89","      24813","               22116.70","          6","-","-"
"BARTRONICS","BZ","06-Mar-2020","          0.80","          0.75","          0.75","          0.75","          0.75","          0.75","          0.75","       6500","                4875.00","          7","-","-"
"BARTRONICS","BZ","09-Mar-2020","          0.75","          0.70","          0.70","          0.70","          0.70","          0.70","          0.70","       4150","                2905.00","          8","-","-"
"BARTRONICS","BZ","11-Mar-2020","          0.70","          0.65","          0.65","          0.65","          0.65","          0.65","          0.65","        200","                 130.00","          2","-","-"
"BARTRONICS","BZ","12-Mar-2020","          0.65","          0.60","          0.60","          0.60","          0.60","          0.60","          0.60","       2300","                1380.00","          5","-","-"
"BARTRONICS","BZ","13-Mar-2020","          0.60","          0.55","          0.55","          0.55","          0.55","          0.55","          0.55","        700","                 385.00","          2","-","-"
"BARTRONICS","BZ","16-Mar-2020","          0.55","          0.50","          0.55","          0.50","          0.50","          0.50","          0.53","        702","                 373.50","          5","-","-"
"BARTRONICS","BZ","17-Mar-2020","          0.50","          0.45","          0.55","          0.45","          0.55","          0.55","          0.48","      12720","                6119.00","         19","-","-"
"BARTRONICS","BZ","18-Mar-2020","          0.55","          0.60","          0.60","          0.60","          0.60","          0.60","          0.60","       8102","                4861.20","          8","-","-"
"BARTRONICS","BZ","19-Mar-2020","          0.60","          0.60","          0.65","          0.60","          0.65","          0.65","          0.64","       5832","                3758.30","          5","-","-"
"BARTRONICS","BZ","20-Mar-2020","          0.65","          0.65","          0.65","          0.60","          0.60","          0.60","          0.61","        880","                 533.00","          3","-","-"
"BARTRONICS","BZ","23-Mar-2020","          0.60","          0.60","          0.60","          0.60","          0.60","          0.60","          0.60","        126","                  75.60","          1","-","-"
"BARTRONICS","BZ","26-Mar-2020","          0.60","          0.60","          0.60","          0.60","          0.60","          0.60","          0.60","       5569","                3341.40","         10","-","-"
"BARTRONICS","BZ","27-Mar-2020","          0.60","          0.55","          0.55","          0.55","          0.55","          0.55","          0.55","       1687","                 927.85","          5","-","-"
"BARTRONICS","BZ","30-Mar-2020","          0.55","          0.50","          0.60","          0.50","          0.60","          0.60","          0.50","      13100","                6612.55","         14","-","-"
"BARTRONICS","BZ","31-Mar-2020","          0.60","          0.60","          0.65","          0.60","          0.65","          0.65","          0.64","       2500","                1591.00","          7","-","-"
"BARTRONICS","BZ","01-Apr-2020","          0.65","          0.65","          0.65","          0.65","          0.65","          0.65","          0.65","       5150","                3347.50","          4","-","-"
"BARTRONICS","BZ","03-Apr-2020","          0.65","          0.65","          0.65","          0.60","          0.60","          0.60","          0.61","       1959","                1200.40","          6","-","-"
"BARTRONICS","BZ","07-Apr-2020","          0.60","          0.60","          0.65","          0.60","          0.65","          0.65","          0.64","        956","                 614.45","          8","-","-"
"BARTRONICS","BZ","08-Apr-2020","          0.65","          0.70","          0.70","          0.70","          0.70","          0.70","          0.70","       2715","                1900.50","          8","-","-"
"BARTRONICS","BZ","09-Apr-2020","          0.70","          0.75","          0.75","          0.70","          0.75","          0.75","          0.75","       4839","                3628.00","         11","-","-"
"BARTRONICS","BZ","13-Apr-2020","          0.75","          0.80","          0.80","          0.80","          0.80","          0.80","          0.80","        849","                 679.20","          7","-","-"
"BARTRONICS","BZ","15-Apr-2020","          0.80","          0.85","          0.85","          0.85","          0.85","          0.85","          0.85","          5","                   4.25","          2","-","-"
"BARTRONICS","BZ","16-Apr-2020","          0.85","          0.85","          0.90","          0.85","          0.90","          0.90","          0.89","       1899","                1686.60","          9","-","-"
"BARTRONICS","BZ","17-Apr-2020","          0.90","          0.90","          0.95","          0.85","          0.85","          0.85","          0.92","      19567","               18060.75","         27","-","-"
"BARTRONICS","BZ","20-Apr-2020","          0.85","          0.90","          0.90","          0.90","          0.90","          0.90","          0.90","       1129","                1016.10","          5","-","-"
"BARTRONICS","BZ","21-Apr-2020","          0.90","          0.95","          0.95","          0.85","          0.95","          0.95","          0.93","       7097","                6613.10","         24","-","-"
"BARTRONICS","BZ","22-Apr-2020","          0.95","          0.90","          1.00","          0.90","          0.90","          0.90","          0.96","       5445","                5216.10","         20","-","-"
"BARTRONICS","BZ","23-Apr-2020","          0.90","          0.85","          0.95","          0.85","          0.95","          0.95","          0.86","        985","                 846.75","          6","-","-"
"BARTRONICS","BZ","24-Apr-2020","          0.95","          0.95","          1.00","          0.90","          1.00","          0.95","          0.94","       1789","                1682.20","         12","-","-"
"BARTRONICS","BZ","27-Apr-2020","          0.95","          1.00","          1.00","          0.95","          0.95","          1.00","          0.99","      13366","               13236.00","         21","-","-"
"BARTRONICS","BZ","28-Apr-2020","          1.00","          1.00","          1.05","          1.00","          1.05","          1.05","          1.01","       3107","                3123.65","         10","-","-"
"BARTRONICS","BZ","29-Apr-2020","          1.05","          1.10","          1.10","          1.10","          1.10","          1.10","          1.10","       4661","                5127.10","         11","-","-"
"BARTRONICS","BZ","30-Apr-2020","          1.10","          1.15","          1.15","          1.10","          1.15","          1.15","          1.15","       5135","                5902.75","         11","-","-"
"BARTRONICS","BZ","04-May-2020","          1.15","          1.20","          1.20","          1.15","          1.20","          1.20","          1.19","       8189","                9716.95","         16","-","-"
"BARTRONICS","BZ","05-May-2020","          1.20","          1.20","          1.25","          1.15","          1.25","          1.25","          1.20","       5685","                6835.75","         14","-","-"
"BARTRONICS","BZ","06-May-2020","          1.25","          1.30","          1.30","          1.25","          1.25","          1.25","          1.28","      26900","               34335.00","         16","-","-"
"BARTRONICS","BZ","07-May-2020","          1.25","          1.25","          1.25","          1.20","          1.20","          1.20","          1.21","       4104","                4982.35","          8","-","-"
"BARTRONICS","BZ","08-May-2020","          1.20","          1.15","          1.25","          1.15","          1.25","          1.25","          1.18","       7930","                9387.50","         13","-","-"
"BARTRONICS","BZ","11-May-2020","          1.25","          1.25","          1.30","          1.25","          1.30","          1.30","          1.27","       4262","                5415.40","         20","-","-"
"BARTRONICS","BZ","12-May-2020","          1.30","          1.25","          1.35","          1.25","          1.35","          1.35","          1.30","      15108","               19647.05","         19","-","-"
"BARTRONICS","BZ","13-May-2020","          1.35","          1.40","          1.40","          1.35","          1.40","          1.40","          1.40","      18214","               25494.60","         23","-","-"
"BARTRONICS","BZ","14-May-2020","          1.40","          1.45","          1.45","          1.45","          1.45","          1.45","          1.45","       8777","               12726.65","         20","-","-"
"BARTRONICS","BZ","15-May-2020","          1.45","          1.45","          1.50","          1.45","          1.50","          1.50","          1.46","        284","                 413.50","          5","-","-"
"BARTRONICS","BZ","18-May-2020","          1.50","          1.50","          1.55","          1.50","          1.50","          1.50","          1.51","       2850","                4312.00","          7","-","-"
"BARTRONICS","BZ","19-May-2020","          1.50","          1.55","          1.55","          1.45","          1.55","          1.55","          1.49","      10301","               15351.55","         20","-","-"
"BARTRONICS","BZ","20-May-2020","          1.55","          1.60","          1.60","          1.60","          1.60","          1.60","          1.60","       4600","                7360.00","          6","-","-"
"BARTRONICS","BZ","21-May-2020","          1.60","          1.60","          1.60","          1.55","          1.60","          1.60","          1.57","       5895","                9248.35","         18","-","-"
"BARTRONICS","BZ","22-May-2020","          1.60","          1.60","          1.60","          1.55","          1.60","          1.60","          1.58","       1260","                1994.25","          7","-","-"
"BARTRONICS","BZ","26-May-2020","          1.60","          1.60","          1.60","          1.55","          1.55","          1.55","          1.58","       2740","                4322.55","         13","-","-"
"BARTRONICS","BZ","27-May-2020","          1.55","          1.50","          1.55","          1.50","          1.55","          1.55","          1.51","       1041","                1567.00","         10","-","-"
"BARTRONICS","BZ","28-May-2020","          1.55","          1.50","          1.50","          1.50","          1.50","          1.50","          1.50","         65","                  97.50","          2","-","-"
"BARTRONICS","BZ","29-May-2020","          1.50","          1.45","          1.55","          1.45","          1.55","          1.50","          1.48","       1910","                2829.00","         14","-","-"
"BARTRONICS","BZ","01-Jun-2020","          1.50","          1.45","          1.55","          1.45","          1.55","          1.55","          1.46","       3939","                5758.60","         12","-","-"
"BARTRONICS","BZ","02-Jun-2020","          1.55","          1.60","          1.60","          1.60","          1.60","          1.60","          1.60","       3263","                5220.80","         12","-","-"
"BARTRONICS","BZ","03-Jun-2020","          1.60","          1.60","          1.60","          1.55","          1.60","          1.60","          1.58","       2485","                3925.00","         12","-","-"
"BARTRONICS","BZ","04-Jun-2020","          1.60","          1.60","          1.65","          1.55","          1.65","          1.65","          1.62","       7201","               11646.55","         13","-","-"
"BARTRONICS","BZ","05-Jun-2020","          1.65","          1.65","          1.70","          1.60","          1.70","          1.70","          1.68","      22316","               37380.70","         19","-","-"
"BARTRONICS","BZ","08-Jun-2020","          1.70","          1.75","          1.75","          1.75","          1.75","          1.75","          1.75","       4587","                8027.25","         10","-","-"
"BARTRONICS","BZ","09-Jun-2020","          1.75","          1.75","          1.80","          1.70","          1.80","          1.80","          1.78","      10886","               19384.30","         25","-","-"
"BARTRONICS","BZ","10-Jun-2020","          1.80","          1.80","          1.85","          1.80","          1.85","          1.85","          1.84","       3521","                6483.85","         11","-","-"
"BARTRONICS","BZ","11-Jun-2020","          1.85","          1.90","          1.90","          1.90","          1.90","          1.90","          1.90","       4031","                7658.90","          7","-","-"
"BARTRONICS","BZ","12-Jun-2020","          1.90","          1.90","          1.95","          1.90","          1.95","          1.95","          1.94","       6250","               12097.50","         19","-","-"
"BARTRONICS","BZ","15-Jun-2020","          1.95","          2.00","          2.00","          2.00","          2.00","          2.00","          2.00","       4565","                9130.00","         22","-","-"
"BARTRONICS","BZ","16-Jun-2020","          2.00","          2.10","          2.10","          2.10","          2.10","          2.10","          2.10","       1168","                2452.80","          5","-","-"
"BARTRONICS","BZ","17-Jun-2020","          2.10","          2.10","          2.20","          2.10","          2.20","          2.20","          2.19","       3502","                7672.60","          9","-","-"
"BARTRONICS","BZ","18-Jun-2020","          2.20","          2.20","          2.30","          2.20","          2.30","          2.30","          2.20","      15496","               34120.80","         18","-","-"
"BARTRONICS","BZ","19-Jun-2020","          2.30","          2.40","          2.40","          2.40","          2.40","          2.40","          2.40","        181","                 434.40","          3","-","-"
"BARTRONICS","BZ","22-Jun-2020","          2.40","          2.45","          2.50","          2.45","          2.50","          2.50","          2.50","      27519","               68690.60","         15","-","-"
"BARTRONICS","BZ","23-Jun-2020","          2.50","          2.60","          2.60","          2.60","          2.60","          2.60","          2.60","      12611","               32788.60","         22","-","-"
"BARTRONICS","BZ","24-Jun-2020","          2.60","          2.70","          2.70","          2.70","          2.70","          2.70","          2.70","        450","                1215.00","          2","-","-"
"BARTRONICS","BZ","25-Jun-2020","          2.70","          2.80","          2.80","          2.75","          2.80","          2.80","          2.80","      21016","               58819.80","         21","-","-"
"BARTRONICS","BZ","26-Jun-2020","          2.80","          2.90","          2.90","          2.90","          2.90","          2.90","          2.90","       9616","               27886.40","          8","-","-"
"BARTRONICS","BZ","29-Jun-2020","          2.90","          3.00","          3.00","          3.00","          3.00","          3.00","          3.00","       7607","               22821.00","          4","-","-"
"BARTRONICS","BZ","30-Jun-2020","          3.00","          3.15","          3.15","          3.15","          3.15","          3.15","          3.15","       1719","                5414.85","          5","-","-"
"BARTRONICS","BZ","01-Jul-2020","          3.15","          3.30","          3.30","          3.30","          3.30","          3.30","          3.30","       4218","               13919.40","         13","-","-"
"BARTRONICS","BZ","02-Jul-2020","          3.30","          3.45","          3.45","          3.45","          3.45","          3.45","          3.45","       2911","               10042.95","          8","-","-"
"BARTRONICS","BZ","03-Jul-2020","          3.45","          3.60","          3.60","          3.60","          3.60","          3.60","          3.60","      38631","              139071.60","         37","-","-"
"BARTRONICS","BZ","06-Jul-2020","          3.60","          3.75","          3.75","          3.45","          3.45","          3.45","          3.51","       8950","               31387.50","         30","-","-"
"BARTRONICS","BZ","07-Jul-2020","          3.45","          3.30","          3.30","          3.30","          3.30","          3.30","          3.30","       8010","               26433.00","         13","-","-"
"BARTRONICS","BZ","08-Jul-2020","          3.30","          3.15","          3.15","          3.15","          3.15","          3.15","          3.15","        110","                 346.50","          3","-","-"
"BARTRONICS","BZ","09-Jul-2020","          3.15","          3.00","          3.00","          3.00","          3.00","          3.00","          3.00","       2649","                7947.00","          6","-","-"
"BARTRONICS","BZ","10-Jul-2020","          3.00","          2.85","          3.15","          2.85","          2.85","          2.85","          2.87","       9824","               28155.60","         15","-","-"
"BARTRONICS","BZ","13-Jul-2020","          2.85","          2.85","          2.85","          2.75","          2.75","          2.75","          2.76","        910","                2512.50","         11","-","-"
"BARTRONICS","BZ","14-Jul-2020","          2.75","          2.65","          2.65","          2.65","          2.65","          2.65","          2.65","          5","                  13.25","          1","-","-"
"BARTRONICS","BZ","15-Jul-2020","          2.65","          2.55","          2.55","          2.55","          2.55","          2.55","          2.55","         62","                 158.10","          4","-","-"
"BARTRONICS","BZ","16-Jul-2020","          2.55","          2.45","          2.45","          2.45","          2.45","          2.45","          2.45","        329","                 806.05","          5","-","-"
"BARTRONICS","BZ","17-Jul-2020","          2.45","          2.35","          2.55","          2.35","          2.35","          2.35","          2.43","       8291","               20165.00","         33","-","-"
"BARTRONICS","BZ","20-Jul-2020","          2.35","          2.25","          2.45","          2.25","          2.35","          2.35","          2.36","       9689","               22859.25","         18","-","-"
"BARTRONICS","BZ","21-Jul-2020","          2.35","          2.45","          2.45","          2.35","          2.35","          2.35","          2.38","      12173","               29003.55","         19","-","-"
"BARTRONICS","BZ","22-Jul-2020","          2.35","          2.30","          2.45","          2.30","          2.45","          2.40","          2.35","       3062","                7207.75","         11","-","-"
"BARTRONICS","BZ","23-Jul-2020","          2.40","          2.30","          2.40","          2.30","          2.40","          2.30","          2.30","        534","                1229.00","          9","-","-"
"BARTRONICS","BZ","24-Jul-2020","          2.30","          2.20","          2.40","          2.20","          2.30","          2.30","          2.38","       1986","                4730.40","         14","-","-"
"BARTRONICS","BZ","27-Jul-2020","          2.30","          2.20","          2.40","          2.20","          2.40","          2.40","          2.34","       2490","                5824.50","         11","-","-"
"BARTRONICS","BZ","28-Jul-2020","          2.40","          2.30","          2.30","          2.30","          2.30","          2.30","          2.30","       2050","                4715.00","          3","-","-"
"BARTRONICS","BZ","29-Jul-2020","          2.30","          2.20","          2.40","          2.20","          2.20","          2.20","          2.22","      11858","               26337.60","         23","-","-"
"BARTRONICS","BZ","30-Jul-2020","          2.20","          2.10","          2.30","          2.10","          2.30","          2.10","          2.12","       3609","                7645.00","         22","-","-"
"BARTRONICS","BZ","31-Jul-2020","          2.10","          2.00","          2.20","          2.00","          2.10","          2.10","          2.10","       2385","                5006.00","         10","-","-"
"BARTRONICS","BZ","03-Aug-2020","          2.10","          2.00","          2.00","          2.00","          2.00","          2.00","          2.00","       2865","                5730.00","         14","-","-"
"BARTRONICS","BZ","04-Aug-2020","          2.00","          1.90","          2.00","          1.90","          1.90","          1.95","          1.94","       6688","               13000.80","         18","-","-"
"BARTRONICS","BZ","05-Aug-2020","          1.95","          1.90","          2.00","          1.90","          1.90","          1.90","          1.94","       6650","               12929.00","         16","-","-"
"BARTRONICS","BZ","06-Aug-2020","          1.90","          1.90","          1.90","          1.85","          1.85","          1.85","          1.85","      14075","               26065.00","         17","-","-"
"BARTRONICS","BZ","07-Aug-2020","          1.85","          1.85","          1.85","          1.80","          1.80","          1.80","          1.81","      25059","               45376.20","         27","-","-"
"BARTRONICS","BZ","10-Aug-2020","          1.80","          1.80","          1.80","          1.75","          1.75","          1.75","          1.77","       9722","               17226.00","         24","-","-"
"BARTRONICS","BZ","11-Aug-2020","          1.75","          1.80","          1.80","          1.80","          1.80","          1.80","          1.80","       3556","                6400.80","          8","-","-"
"BARTRONICS","BZ","12-Aug-2020","          1.80","          1.85","          1.85","          1.85","          1.85","          1.85","          1.85","       1011","                1870.35","          7","-","-"
"BARTRONICS","BZ","13-Aug-2020","          1.85","          1.90","          1.90","          1.90","          1.90","          1.90","          1.90","       2481","                4713.90","          7","-","-"
"BARTRONICS","BZ","14-Aug-2020","          1.90","          1.95","          1.95","          1.95","          1.95","          1.95","          1.95","       2501","                4876.95","          6","-","-"
"BARTRONICS","BZ","17-Aug-2020","          1.95","          2.00","          2.00","          2.00","          2.00","          2.00","          2.00","       1169","                2338.00","          9","-","-"
"BARTRONICS","BZ","18-Aug-2020","          2.00","          2.10","          2.10","          2.10","          2.10","          2.10","          2.10","        800","                1680.00","          2","-","-"
"BARTRONICS","BZ","19-Aug-2020","          2.10","          2.20","          2.20","          2.20","          2.20","          2.20","          2.20","       2550","                5610.00","          8","-","-"
"BARTRONICS","BZ","20-Aug-2020","          2.20","          2.30","          2.30","          2.30","          2.30","          2.30","          2.30","       6506","               14963.80","         17","-","-"
"BARTRONICS","BZ","21-Aug-2020","          2.30","          2.30","          2.40","          2.20","          2.20","          2.30","          2.34","      21390","               50039.10","         34","-","-"
"BARTRONICS","BZ","24-Aug-2020","          2.30","          2.25","          2.40","          2.20","          2.20","          2.30","          2.33","      14893","               34751.60","         27","-","-"
"BARTRONICS","BZ","25-Aug-2020","          2.30","          2.20","          2.35","          2.20","          2.35","          2.35","          2.29","       5920","               13534.50","         14","-","-"
"BARTRONICS","BZ","26-Aug-2020","          2.35","          2.25","          2.45","          2.25","          2.30","          2.40","          2.32","      20850","               48432.50","         26","-","-"
"BARTRONICS","BZ","27-Aug-2020","          2.40","          2.40","          2.50","          2.30","          2.50","          2.50","          2.42","      16950","               40956.00","         35","-","-"
"BARTRONICS","BZ","28-Aug-2020","          2.50","          2.60","          2.60","          2.40","          2.40","          2.40","          2.46","       4869","               11985.60","         15","-","-"
