"Symbol","Series","Date","Prev Close","Open Price","High Price","Low Price","Last Price","Close Price","Average Price","Total Traded Quantity","Turnover","No. of Trades","Deliverable Qty","% Dly Qt to Traded Qty"
"SMSLIFE","EQ","30-Aug-2018","        417.00","        412.05","        454.80","        412.00","        444.00","        444.50","        440.14","       4454","             1960403.60","        200","       2831","         63.56"
"SMSLIFE","EQ","31-Aug-2018","        444.50","        459.80","        459.80","        431.00","        447.00","        449.15","        442.16","       3620","             1600605.45","        156","       3089","         85.33"
"SMSLIFE","EQ","03-Sep-2018","        449.15","        474.00","        478.00","        450.15","        458.10","        458.25","        467.14","       7277","             3399397.95","        384","       4450","         61.15"
"SMSLIFE","EQ","04-Sep-2018","        458.25","        458.00","        468.00","        451.65","        456.00","        459.55","        458.70","       3150","             1444918.75","        161","       2368","         75.17"
"SMSLIFE","EQ","05-Sep-2018","        459.55","        456.05","        465.00","        451.00","        465.00","        458.35","        456.18","       3242","             1478922.65","        110","       2255","         69.56"
"SMSLIFE","EQ","06-Sep-2018","        458.35","        457.05","        469.90","        452.25","        458.95","        460.75","        460.44","       1889","              869768.50","         77","       1135","         60.08"
"SMSLIFE","EQ","07-Sep-2018","        460.75","        450.10","        462.70","        450.05","        456.50","        456.60","        457.41","       2651","             1212591.85","        130","       1681","         63.41"
"SMSLIFE","EQ","10-Sep-2018","        456.60","        452.10","        473.90","        450.05","        457.20","        460.25","        460.20","        832","              382883.15","         76","        529","         63.58"
"SMSLIFE","EQ","11-Sep-2018","        460.25","        466.60","        468.00","        450.00","        454.00","        454.00","        459.46","        503","              231108.60","         61","        369","         73.36"
"SMSLIFE","EQ","12-Sep-2018","        454.00","        445.00","        453.60","        415.00","        445.00","        445.20","        440.61","       1011","              445452.20","         63","        729","         72.11"
"SMSLIFE","EQ","14-Sep-2018","        445.20","        449.40","        460.00","        441.05","        441.05","        443.80","        447.08","        261","              116688.15","         51","        147","         56.32"
"SMSLIFE","EQ","17-Sep-2018","        443.80","        425.05","        450.00","        425.05","        435.40","        441.25","        438.51","        667","              292487.00","         87","        325","         48.73"
"SMSLIFE","EQ","18-Sep-2018","        441.25","        463.95","        464.00","        436.00","        445.00","        449.00","        448.58","       4023","             1804646.15","        101","       3587","         89.16"
"SMSLIFE","EQ","19-Sep-2018","        449.00","        449.00","        456.75","        434.10","        434.10","        441.60","        447.20","        302","              135054.40","         39","        161","         53.31"
"SMSLIFE","EQ","21-Sep-2018","        441.60","        435.85","        447.10","        416.00","        435.00","        440.15","        436.55","        570","              248833.45","         50","        378","         66.32"
"SMSLIFE","EQ","24-Sep-2018","        440.15","        440.00","        440.00","        405.00","        429.00","        422.90","        423.41","       2204","              933202.90","        124","       1650","         74.86"
"SMSLIFE","EQ","25-Sep-2018","        422.90","        408.65","        435.35","        408.60","        410.00","        411.65","        414.18","        920","              381041.75","         64","        494","         53.70"
"SMSLIFE","EQ","26-Sep-2018","        411.65","        411.00","        417.60","        399.00","        408.00","        406.00","        404.05","       4124","             1666288.30","        196","       2950","         71.53"
"SMSLIFE","EQ","27-Sep-2018","        406.00","        419.00","        419.00","        400.60","        402.00","        402.10","        404.30","        463","              187191.50","         57","        235","         50.76"
"SMSLIFE","EQ","28-Sep-2018","        402.10","        391.75","        408.70","        377.50","        381.00","        382.45","        387.34","        703","              272300.05","         63","        391","         55.62"
"SMSLIFE","EQ","01-Oct-2018","        382.45","        381.00","        390.00","        365.10","        383.00","        385.20","        375.66","       3847","             1445166.95","        196","       2352","         61.14"
"SMSLIFE","EQ","03-Oct-2018","        385.20","        377.30","        387.05","        374.55","        385.00","        385.30","        382.96","        277","              106081.15","         39","        183","         66.06"
"SMSLIFE","EQ","04-Oct-2018","        385.30","        385.00","        397.95","        350.10","        375.00","        372.65","        379.87","       2709","             1029065.15","        105","       2249","         83.02"
"SMSLIFE","EQ","05-Oct-2018","        372.65","        368.90","        385.80","        361.00","        361.00","        365.75","        372.95","       1178","              439333.90","         47","       1008","         85.57"
"SMSLIFE","EQ","08-Oct-2018","        365.75","        355.00","        373.50","        347.60","        348.50","        352.05","        361.51","       7404","             2676642.20","        153","       6892","         93.08"
"SMSLIFE","EQ","09-Oct-2018","        352.05","        347.05","        380.00","        347.00","        358.00","        367.55","        360.54","        876","              315832.20","         92","        590","         67.35"
"SMSLIFE","EQ","10-Oct-2018","        367.55","        355.15","        393.35","        355.15","        366.30","        368.30","        368.38","        244","               89885.50","         51","        112","         45.90"
"SMSLIFE","EQ","11-Oct-2018","        368.30","        360.90","        437.70","        360.90","        400.00","        400.35","        392.41","       1128","              442641.45","         97","        456","         40.43"
"SMSLIFE","EQ","12-Oct-2018","        400.35","        406.60","        418.80","        390.00","        395.00","        395.85","        396.31","        393","              155749.80","         65","        298","         75.83"
"SMSLIFE","EQ","15-Oct-2018","        395.85","        360.00","        414.95","        360.00","        395.15","        398.40","        392.76","       1170","              459527.20","         63","        753","         64.36"
"SMSLIFE","EQ","16-Oct-2018","        398.40","        381.05","        429.95","        381.05","        391.10","        391.65","        391.57","       2121","              830509.80","         91","       1272","         59.97"
"SMSLIFE","EQ","17-Oct-2018","        391.65","        390.15","        406.90","        383.00","        390.00","        384.00","        385.36","       1106","              426205.40","         43","        880","         79.57"
"SMSLIFE","EQ","19-Oct-2018","        384.00","        385.15","        395.00","        385.10","        390.00","        389.80","        389.66","       1028","              400575.60","         41","        848","         82.49"
"SMSLIFE","EQ","22-Oct-2018","        389.80","        390.05","        390.05","        381.10","        381.10","        384.45","        384.86","         55","               21167.30","          7","         49","         89.09"
"SMSLIFE","EQ","23-Oct-2018","        384.45","        380.05","        398.95","        366.85","        390.00","        390.00","        386.93","        688","              266205.25","         46","        600","         87.21"
"SMSLIFE","EQ","24-Oct-2018","        390.00","        387.05","        390.00","        378.00","        390.00","        378.85","        383.79","       1670","              640936.90","         22","         29","          1.74"
"SMSLIFE","EQ","25-Oct-2018","        378.85","        390.00","        414.95","        379.95","        390.00","        390.00","        388.75","        164","               63754.75","         45","        111","         67.68"
"SMSLIFE","EQ","26-Oct-2018","        390.00","        390.00","        414.00","        376.05","        383.05","        398.15","        394.23","       1566","              617362.75","         33","       1523","         97.25"
"SMSLIFE","EQ","29-Oct-2018","        398.15","        390.00","        398.40","        390.00","        390.00","        391.30","        392.33","        136","               53356.85","         15","         68","         50.00"
"SMSLIFE","EQ","30-Oct-2018","        391.30","        395.95","        397.85","        392.00","        394.45","        392.30","        394.47","        392","              154630.65","         20","        368","         93.88"
"SMSLIFE","EQ","31-Oct-2018","        392.30","        399.80","        410.00","        391.05","        402.05","        402.05","        402.20","        822","              330608.65","         34","        707","         86.01"
"SMSLIFE","EQ","01-Nov-2018","        402.05","        393.10","        405.95","        393.05","        393.05","        397.30","        399.83","        115","               45980.70","         15","        111","         96.52"
"SMSLIFE","EQ","02-Nov-2018","        397.30","        407.15","        410.05","        387.20","        401.00","        401.00","        401.97","        217","               87228.00","         35","        184","         84.79"
"SMSLIFE","EQ","05-Nov-2018","        401.00","        409.90","        424.00","        409.90","        423.50","        423.50","        414.62","        485","              201091.30","         36","        429","         88.45"
"SMSLIFE","EQ","06-Nov-2018","        423.50","        412.00","        412.00","        412.00","        412.00","        412.00","        412.00","          5","                2060.00","          1","          5","        100.00"
"SMSLIFE","EQ","07-Nov-2018","        412.00","        408.00","        428.00","        386.50","        415.00","        401.15","        409.48","        118","               48319.00","         32","         67","         56.78"
"SMSLIFE","EQ","09-Nov-2018","        401.15","        422.90","        429.00","        406.00","        406.00","        406.10","        416.20","        200","               83240.85","         22","        148","         74.00"
"SMSLIFE","EQ","12-Nov-2018","        406.10","        406.10","        487.30","        406.10","        487.30","        487.30","        480.97","      20826","            10016767.40","        761","       9768","         46.90"
"SMSLIFE","EQ","13-Nov-2018","        487.30","        506.80","        549.90","        506.00","        529.90","        520.15","        527.55","      84309","            44477159.65","       4591","      20073","         23.81"
"SMSLIFE","EQ","14-Nov-2018","        520.15","        535.00","        557.70","        520.50","        531.00","        524.70","        533.80","      40629","            21687922.95","       1953","      17056","         41.98"
"SMSLIFE","EQ","15-Nov-2018","        524.70","        525.00","        540.00","        499.00","        502.00","        502.25","        513.29","       8439","             4331670.40","        532","       4241","         50.25"
"SMSLIFE","EQ","16-Nov-2018","        502.25","        494.20","        514.95","        466.10","        481.00","        476.70","        489.68","       7301","             3575153.10","        484","       4177","         57.21"
"SMSLIFE","EQ","19-Nov-2018","        476.70","        476.70","        488.00","        451.00","        454.85","        454.25","        461.79","      10545","             4869556.00","        415","       7061","         66.96"
"SMSLIFE","EQ","20-Nov-2018","        454.25","        445.20","        490.00","        439.00","        469.00","        470.05","        469.62","      11483","             5392699.35","        690","       5144","         44.80"
"SMSLIFE","EQ","21-Nov-2018","        470.05","        484.00","        505.85","        473.05","        494.00","        497.30","        489.21","       7805","             3818291.65","        695","       3111","         39.86"
"SMSLIFE","EQ","22-Nov-2018","        497.30","        509.05","        509.85","        475.00","        480.00","        479.30","        489.58","       2796","             1368863.00","        303","       1222","         43.71"
"SMSLIFE","EQ","26-Nov-2018","        479.30","        472.05","        540.00","        472.05","        514.00","        501.75","        511.95","      18855","             9652865.10","       1241","       5265","         27.92"
"SMSLIFE","EQ","27-Nov-2018","        501.75","        510.00","        517.85","        502.55","        515.00","        507.20","        508.35","       1506","              765571.85","        132","        650","         43.16"
"SMSLIFE","EQ","28-Nov-2018","        507.20","        507.20","        508.00","        490.55","        495.00","        497.70","        500.57","       2108","             1055195.95","        124","       1394","         66.13"
"SMSLIFE","EQ","29-Nov-2018","        497.70","        485.50","        510.00","        485.00","        487.00","        490.70","        495.52","       1757","              870630.55","        150","        950","         54.07"
"SMSLIFE","EQ","30-Nov-2018","        490.70","        495.00","        543.00","        491.00","        507.00","        506.55","        509.97","       5253","             2678896.35","        319","       2855","         54.35"
"SMSLIFE","EQ","03-Dec-2018","        506.55","        525.00","        525.00","        491.50","        500.00","        498.45","        509.26","       1659","              844862.80","        144","        923","         55.64"
"SMSLIFE","EQ","04-Dec-2018","        498.45","        506.90","        508.95","        491.85","        499.00","        500.15","        502.26","        346","              173783.15","         71","        244","         70.52"
"SMSLIFE","EQ","05-Dec-2018","        500.15","        492.00","        496.00","        480.00","        489.00","        485.40","        487.84","       1679","              819084.95","        145","        942","         56.10"
"SMSLIFE","EQ","06-Dec-2018","        485.40","        510.00","        510.00","        472.00","        472.00","        476.45","        479.84","       1116","              535497.90","         80","        797","         71.42"
"SMSLIFE","EQ","07-Dec-2018","        476.45","        500.00","        508.00","        481.00","        481.00","        488.40","        491.84","        878","              431836.15","         88","        494","         56.26"
"SMSLIFE","EQ","10-Dec-2018","        488.40","        490.00","        508.00","        466.00","        494.00","        489.50","        481.72","       1160","              558794.00","        127","        713","         61.47"
"SMSLIFE","EQ","11-Dec-2018","        489.50","        471.00","        494.00","        471.00","        494.00","        492.10","        485.52","        755","              366571.25","         59","        437","         57.88"
"SMSLIFE","EQ","12-Dec-2018","        492.10","        492.10","        499.00","        482.95","        488.95","        491.40","        490.23","        848","              415714.80","         84","        567","         66.86"
"SMSLIFE","EQ","13-Dec-2018","        491.40","        492.40","        500.00","        485.05","        492.60","        489.45","        492.74","       1104","              543986.05","         77","        781","         70.74"
"SMSLIFE","EQ","14-Dec-2018","        489.45","        489.50","        499.95","        489.50","        499.95","        496.40","        495.78","        423","              209716.90","         39","        351","         82.98"
"SMSLIFE","EQ","17-Dec-2018","        496.40","        497.00","        500.00","        486.80","        500.00","        497.10","        495.75","        544","              269688.15","         38","        460","         84.56"
"SMSLIFE","EQ","18-Dec-2018","        497.10","        497.10","        500.00","        482.00","        496.00","        493.30","        490.38","       1106","              542365.65","         45","       1008","         91.14"
"SMSLIFE","EQ","19-Dec-2018","        493.30","        501.00","        501.00","        488.05","        500.00","        497.95","        492.57","        365","              179789.85","         31","        320","         87.67"
"SMSLIFE","EQ","20-Dec-2018","        497.95","        510.00","        510.00","        486.00","        495.00","        501.10","        499.21","       2612","             1303939.05","        144","       1361","         52.11"
"SMSLIFE","EQ","21-Dec-2018","        501.10","        501.10","        510.00","        481.55","        481.55","        487.15","        488.33","       1605","              783769.10","         79","       1488","         92.71"
"SMSLIFE","EQ","24-Dec-2018","        487.15","        481.00","        495.95","        480.30","        482.50","        486.85","        486.00","       1938","              941865.10","         98","       1087","         56.09"
"SMSLIFE","EQ","26-Dec-2018","        486.85","        483.55","        491.95","        480.30","        480.30","        481.10","        484.10","        500","              242047.70","         28","        267","         53.40"
"SMSLIFE","EQ","27-Dec-2018","        481.10","        498.95","        499.00","        480.00","        484.00","        483.95","        486.25","       1475","              717214.10","        101","        879","         59.59"
"SMSLIFE","EQ","28-Dec-2018","        483.95","        488.15","        490.00","        478.60","        481.00","        482.35","        484.30","       2195","             1063042.95","        105","       1349","         61.46"
"SMSLIFE","EQ","31-Dec-2018","        482.35","        483.05","        489.95","        476.15","        480.00","        483.20","        483.07","       1698","              820254.60","         97","       1174","         69.14"
"SMSLIFE","EQ","01-Jan-2019","        483.20","        480.30","        489.95","        480.10","        484.95","        484.75","        483.15","       1011","              488463.50","         52","        609","         60.24"
"SMSLIFE","EQ","02-Jan-2019","        484.75","        484.80","        581.70","        479.00","        581.70","        581.70","        562.71","      73424","            41316220.25","       3199","      19759","         26.91"
"SMSLIFE","EQ","03-Jan-2019","        581.70","        611.00","        698.00","        611.00","        698.00","        695.85","        666.22","     496489","           330771149.60","      22282","      42598","          8.58"
"SMSLIFE","EQ","04-Jan-2019","        695.85","        718.00","        765.40","        682.25","        765.40","        765.40","        729.49","     773561","           564307504.70","      32348","      42936","          5.55"
"SMSLIFE","EQ","07-Jan-2019","        765.40","        784.80","        840.00","        750.75","        803.00","        805.05","        802.48","     906674","           727591773.85","      34702","      48244","          5.32"
"SMSLIFE","EQ","08-Jan-2019","        805.05","        790.00","        822.95","        771.20","        806.80","        795.90","        800.35","     493488","           394963792.15","      21661","      29434","          5.96"
"SMSLIFE","EQ","09-Jan-2019","        795.90","        795.00","        805.85","        740.10","        754.00","        756.35","        771.41","     236918","           182760285.80","      10695","      33548","         14.16"
"SMSLIFE","EQ","10-Jan-2019","        756.35","        752.00","        756.30","        680.75","        680.75","        680.75","        711.50","     129590","            92203304.95","       5752","      21861","         16.87"
"SMSLIFE","EQ","11-Jan-2019","        680.75","        650.10","        748.80","        616.70","        748.80","        734.35","        692.67","     585750","           405730853.25","      28722","      35026","          5.98"
"SMSLIFE","EQ","14-Jan-2019","        734.35","        745.00","        789.50","        740.30","        755.00","        756.70","        765.44","     235270","           180084340.75","      12307","      23959","         10.18"
"SMSLIFE","EQ","15-Jan-2019","        756.70","        754.90","        769.90","        728.20","        743.05","        747.40","        749.49","      94013","            70461929.50","       4689","      11827","         12.58"
"SMSLIFE","EQ","16-Jan-2019","        747.40","        749.00","        765.00","        729.95","        730.00","        736.15","        748.26","      56366","            42176372.50","       3089","      11462","         20.33"
"SMSLIFE","EQ","17-Jan-2019","        736.15","        736.00","        748.20","        703.15","        708.00","        714.90","        729.81","      22174","            16182820.75","       1531","       5346","         24.11"
"SMSLIFE","EQ","18-Jan-2019","        714.90","        715.00","        764.45","        664.50","        712.15","        722.10","        729.68","     105291","            76829037.40","       6694","      13783","         13.09"
"SMSLIFE","EQ","21-Jan-2019","        722.10","        722.10","        742.20","        692.15","        712.00","        704.25","        722.20","      47649","            34412174.40","       2873","       9414","         19.76"
"SMSLIFE","EQ","22-Jan-2019","        704.25","        715.00","        727.50","        684.00","        692.70","        699.50","        703.14","      34319","            24131066.65","       1961","       7704","         22.45"
"SMSLIFE","EQ","23-Jan-2019","        699.50","        705.00","        707.95","        670.00","        672.95","        677.00","        685.45","      22741","            15587783.80","       1628","       9159","         40.28"
"SMSLIFE","EQ","24-Jan-2019","        677.00","        680.00","        690.05","        630.25","        639.85","        643.40","        661.79","      31755","            21015127.35","       2091","       9489","         29.88"
"SMSLIFE","EQ","25-Jan-2019","        643.40","        645.00","        669.95","        610.00","        616.90","        614.00","        643.58","      34320","            22087689.45","       2275","       9521","         27.74"
"SMSLIFE","EQ","28-Jan-2019","        614.00","        622.55","        648.00","        552.60","        552.60","        552.60","        571.49","      28471","            16271005.30","       1611","      14097","         49.51"
"SMSLIFE","EQ","29-Jan-2019","        552.60","        552.00","        565.00","        525.00","        525.00","        525.00","        533.08","      18143","             9671729.15","        928","       7431","         40.96"
"SMSLIFE","EQ","30-Jan-2019","        525.00","        525.00","        551.25","        502.00","        551.25","        551.25","        535.49","      24251","            12986113.45","       1162","      10478","         43.21"
"SMSLIFE","EQ","31-Jan-2019","        551.25","        578.75","        578.80","        557.00","        578.80","        578.80","        574.25","      16236","             9323484.20","        768","       7923","         48.80"
"SMSLIFE","EQ","01-Feb-2019","        578.80","        596.80","        607.70","        582.20","        594.00","        599.75","        602.97","      28479","            17171861.35","       1029","      11626","         40.82"
"SMSLIFE","EQ","04-Feb-2019","        599.75","        599.75","        599.75","        569.80","        569.80","        569.80","        570.70","       7607","             4341338.50","        227","       5927","         77.92"
"SMSLIFE","EQ","05-Feb-2019","        569.80","        557.45","        580.00","        542.00","        550.00","        548.75","        559.97","       7982","             4469686.80","        609","       2467","         30.91"
"SMSLIFE","EQ","06-Feb-2019","        548.75","        572.00","        575.00","        542.70","        567.20","        570.50","        561.29","      11951","             6707942.70","        844","       5279","         44.17"
"SMSLIFE","EQ","07-Feb-2019","        570.50","        560.30","        599.00","        552.05","        599.00","        599.00","        585.37","      16438","             9622329.45","        861","       8011","         48.73"
"SMSLIFE","EQ","08-Feb-2019","        599.00","        623.00","        628.95","        600.70","        628.95","        628.95","        625.86","       6806","             4259634.00","        386","       4553","         66.90"
"SMSLIFE","EQ","11-Feb-2019","        628.95","        628.95","        657.70","        628.90","        644.60","        646.60","        648.12","      15297","             9914247.80","        790","       6947","         45.41"
"SMSLIFE","EQ","12-Feb-2019","        646.60","        668.00","        668.00","        614.30","        614.30","        614.30","        630.75","      11928","             7523606.60","        754","       6478","         54.31"
"SMSLIFE","EQ","13-Feb-2019","        614.30","        610.00","        610.00","        583.60","        583.60","        583.60","        587.12","       4769","             2799969.20","        206","       4141","         86.83"
"SMSLIFE","EQ","14-Feb-2019","        583.60","        561.00","        609.90","        555.25","        600.05","        602.50","        587.05","      24747","            14527777.85","       1290","       9521","         38.47"
"SMSLIFE","EQ","15-Feb-2019","        602.50","        631.95","        631.95","        590.45","        600.00","        606.75","        608.19","      20626","            12544623.50","       1453","       7366","         35.71"
"SMSLIFE","EQ","18-Feb-2019","        606.75","        606.75","        606.75","        576.45","        576.45","        576.45","        584.86","       6970","             4076466.40","        458","       4665","         66.93"
"SMSLIFE","EQ","19-Feb-2019","        576.45","        584.90","        584.90","        548.90","        554.00","        551.80","        562.13","      14753","             8293167.65","        783","       7310","         49.55"
"SMSLIFE","EQ","20-Feb-2019","        551.80","        574.95","        574.95","        555.05","        560.30","        562.05","        562.96","       5859","             3298381.75","        599","       2777","         47.40"
"SMSLIFE","EQ","21-Feb-2019","        562.05","        573.00","        573.00","        555.25","        556.10","        559.45","        561.13","       4227","             2371898.45","        333","       2186","         51.72"
"SMSLIFE","EQ","22-Feb-2019","        559.45","        555.00","        568.00","        554.50","        564.65","        562.50","        560.81","       5400","             3028360.60","        394","       3099","         57.39"
"SMSLIFE","EQ","25-Feb-2019","        562.50","        559.80","        574.00","        550.55","        557.10","        558.65","        561.61","       4902","             2753002.30","        470","       2232","         45.53"
"SMSLIFE","EQ","26-Feb-2019","        558.65","        535.00","        551.85","        535.00","        539.00","        540.60","        542.93","       6587","             3576303.65","        449","       3058","         46.42"
"SMSLIFE","EQ","27-Feb-2019","        540.60","        540.60","        558.00","        513.60","        513.90","        519.80","        529.64","      14122","             7479558.55","        795","       7795","         55.20"
"SMSLIFE","EQ","28-Feb-2019","        519.80","        519.80","        545.75","        519.50","        545.75","        545.75","        535.80","       8315","             4455144.50","        423","       4812","         57.87"
"SMSLIFE","EQ","01-Mar-2019","        545.75","        573.00","        573.00","        570.00","        573.00","        573.00","        572.98","       9760","             5592282.00","        155","       4531","         46.42"
"SMSLIFE","EQ","05-Mar-2019","        573.00","        601.65","        601.65","        591.00","        601.65","        601.65","        601.05","      12826","             7709129.15","        253","       6034","         47.05"
"SMSLIFE","EQ","06-Mar-2019","        601.65","        624.00","        624.70","        575.10","        585.25","        595.80","        602.90","      31180","            18798483.75","       1150","      19840","         63.63"
"SMSLIFE","EQ","07-Mar-2019","        595.80","        605.30","        605.30","        570.10","        582.20","        577.50","        587.38","       7113","             4178054.35","        484","       4411","         62.01"
"SMSLIFE","EQ","08-Mar-2019","        577.50","        594.00","        594.00","        564.00","        572.05","        572.70","        575.10","       3191","             1835140.45","        361","       1028","         32.22"
"SMSLIFE","EQ","11-Mar-2019","        572.70","        572.70","        588.65","        572.70","        579.50","        579.80","        581.72","       5217","             3034812.90","        374","       3022","         57.93"
"SMSLIFE","EQ","12-Mar-2019","        579.80","        598.80","        598.80","        568.05","        574.25","        577.95","        583.24","       4592","             2678249.55","        592","       1972","         42.94"
"SMSLIFE","EQ","13-Mar-2019","        577.95","        579.85","        580.00","        564.05","        572.00","        569.35","        571.02","       3214","             1835242.90","        296","       1917","         59.65"
"SMSLIFE","EQ","14-Mar-2019","        569.35","        571.10","        575.00","        545.25","        560.05","        562.50","        562.84","       2675","             1505597.05","        318","       1228","         45.91"
"SMSLIFE","EQ","15-Mar-2019","        562.50","        570.10","        590.60","        555.80","        584.00","        589.50","        586.38","      14241","             8350669.30","        672","       8349","         58.63"
"SMSLIFE","EQ","18-Mar-2019","        589.50","        594.30","        608.70","        572.00","        578.00","        576.85","        586.57","       5870","             3443150.35","        518","       3346","         57.00"
"SMSLIFE","EQ","19-Mar-2019","        576.85","        585.90","        586.00","        565.65","        570.00","        570.75","        575.83","       2640","             1520201.85","        287","       1765","         66.86"
"SMSLIFE","EQ","20-Mar-2019","        570.75","        570.85","        586.05","        551.55","        564.45","        563.15","        566.21","       4391","             2486220.55","        360","       2876","         65.50"
"SMSLIFE","EQ","22-Mar-2019","        563.15","        564.50","        573.65","        541.35","        552.00","        549.30","        559.50","       4029","             2254241.40","        372","       2919","         72.45"
"SMSLIFE","EQ","25-Mar-2019","        549.30","        537.60","        553.05","        536.30","        543.15","        542.15","        540.75","       3425","             1852079.40","        310","       2454","         71.65"
"SMSLIFE","EQ","26-Mar-2019","        542.15","        540.00","        559.45","        531.20","        539.00","        539.70","        538.80","       3871","             2085695.95","        368","       2163","         55.88"
"SMSLIFE","EQ","27-Mar-2019","        539.70","        539.90","        566.65","        537.00","        566.65","        552.60","        551.77","       8426","             4649203.00","        536","       5943","         70.53"
"SMSLIFE","EQ","28-Mar-2019","        552.60","        568.95","        580.20","        555.55","        564.85","        564.20","        572.42","      16992","             9726518.05","        696","       5773","         33.97"
"SMSLIFE","EQ","29-Mar-2019","        564.20","        570.15","        570.15","        550.25","        553.00","        555.05","        556.14","       5707","             3173877.80","        416","       3946","         69.14"
"SMSLIFE","EQ","01-Apr-2019","        555.05","        553.95","        582.00","        552.95","        559.00","        557.00","        568.10","       5039","             2862672.10","        328","       2504","         49.69"
"SMSLIFE","EQ","02-Apr-2019","        557.00","        574.00","        577.70","        547.50","        574.00","        572.95","        566.74","       8179","             4635383.40","        520","       6108","         74.68"
"SMSLIFE","EQ","03-Apr-2019","        572.95","        572.95","        583.00","        557.30","        561.00","        566.95","        569.43","       2747","             1564234.80","        324","       1536","         55.92"
"SMSLIFE","EQ","04-Apr-2019","        566.95","        569.95","        574.95","        550.00","        550.00","        554.75","        559.34","       1733","              969341.40","        201","       1158","         66.82"
"SMSLIFE","EQ","05-Apr-2019","        554.75","        555.40","        609.95","        554.60","        580.00","        576.60","        589.96","      32668","            19272910.75","       1729","      10816","         33.11"
"SMSLIFE","EQ","08-Apr-2019","        576.60","        585.00","        587.95","        557.05","        569.95","        562.50","        568.11","       7673","             4359114.75","        567","       4976","         64.85"
"SMSLIFE","EQ","09-Apr-2019","        562.50","        560.05","        579.25","        560.05","        561.10","        562.30","        564.21","       4614","             2603251.25","        355","       2467","         53.47"
"SMSLIFE","EQ","10-Apr-2019","        562.30","        561.85","        569.95","        555.00","        566.30","        565.60","        566.44","       1906","             1079632.65","        276","        965","         50.63"
"SMSLIFE","EQ","11-Apr-2019","        565.60","        566.90","        585.00","        564.00","        571.00","        572.85","        570.41","       2796","             1594853.85","        201","       2165","         77.43"
"SMSLIFE","EQ","12-Apr-2019","        572.85","        575.65","        589.90","        560.85","        587.90","        585.45","        580.18","       6911","             4009651.20","        488","       4031","         58.33"
"SMSLIFE","EQ","15-Apr-2019","        585.45","        596.15","        604.95","        578.95","        591.35","        591.95","        595.73","       8185","             4876070.10","        719","       4723","         57.70"
"SMSLIFE","EQ","16-Apr-2019","        591.95","        584.45","        595.00","        580.00","        580.00","        582.80","        586.65","       2823","             1656111.65","        258","       1466","         51.93"
"SMSLIFE","EQ","18-Apr-2019","        582.80","        582.80","        588.75","        565.00","        565.05","        566.45","        572.71","       3115","             1783999.55","        310","       1405","         45.10"
"SMSLIFE","EQ","22-Apr-2019","        566.45","        576.95","        582.00","        560.00","        568.35","        566.10","        571.07","       3519","             2009595.00","        304","       2323","         66.01"
"SMSLIFE","EQ","23-Apr-2019","        566.10","        568.35","        571.45","        560.30","        564.00","        566.85","        566.47","        967","              547780.20","        140","        599","         61.94"
"SMSLIFE","EQ","24-Apr-2019","        566.85","        564.00","        570.00","        561.80","        562.05","        563.60","        565.44","        607","              343222.35","        109","        464","         76.44"
"SMSLIFE","EQ","25-Apr-2019","        563.60","        565.40","        569.00","        547.00","        549.95","        549.15","        555.25","       1836","             1019446.65","        189","       1493","         81.32"
"SMSLIFE","EQ","26-Apr-2019","        549.15","        553.10","        560.05","        549.85","        552.00","        552.15","        556.42","       2830","             1574672.05","        181","       1579","         55.80"
"SMSLIFE","EQ","30-Apr-2019","        552.15","        563.95","        564.00","        510.00","        537.00","        537.10","        535.19","       4333","             2318974.10","        347","       2623","         60.54"
"SMSLIFE","EQ","02-May-2019","        537.10","        540.95","        553.05","        535.60","        539.60","        537.30","        541.08","       1470","              795391.70","        129","       1002","         68.16"
"SMSLIFE","EQ","03-May-2019","        537.30","        537.00","        543.35","        521.00","        525.00","        524.95","        528.92","       3638","             1924195.00","        291","       2192","         60.25"
"SMSLIFE","EQ","06-May-2019","        524.95","        526.95","        528.05","        512.70","        515.00","        516.80","        518.24","       2028","             1050992.00","        147","       1281","         63.17"
"SMSLIFE","EQ","07-May-2019","        516.80","        513.90","        535.45","        465.15","        485.25","        495.50","        505.84","       5485","             2774545.00","        331","       3080","         56.15"
"SMSLIFE","EQ","08-May-2019","        495.50","        491.05","        498.90","        472.00","        481.00","        480.85","        487.17","       4020","             1958441.85","        318","       2910","         72.39"
"SMSLIFE","EQ","09-May-2019","        480.85","        494.10","        494.10","        472.60","        479.00","        478.60","        482.20","       1831","              882902.45","        230","       1206","         65.87"
"SMSLIFE","EQ","10-May-2019","        478.60","        490.50","        491.00","        470.00","        473.25","        475.00","        480.96","       3151","             1515503.65","        215","       2413","         76.58"
"SMSLIFE","EQ","13-May-2019","        475.00","        474.60","        476.00","        461.10","        466.00","        464.60","        467.71","       4202","             1965317.95","        265","       3153","         75.04"
"SMSLIFE","EQ","14-May-2019","        464.60","        460.60","        467.80","        440.00","        455.75","        458.85","        453.20","       7259","             3289766.85","        349","       4869","         67.08"
"SMSLIFE","EQ","15-May-2019","        458.85","        464.30","        469.00","        440.00","        443.95","        443.60","        452.17","       3120","             1410761.95","        230","       2333","         74.78"
"SMSLIFE","EQ","16-May-2019","        443.60","        443.65","        455.95","        422.25","        422.25","        426.95","        434.34","       7692","             3340914.10","        375","       6466","         84.06"
"SMSLIFE","EQ","17-May-2019","        426.95","        434.90","        449.50","        427.00","        432.00","        430.40","        434.42","       2608","             1132962.30","        339","       1390","         53.30"
"SMSLIFE","EQ","20-May-2019","        430.40","        448.05","        450.00","        423.95","        436.50","        438.75","        437.34","       3869","             1692079.55","        381","       2462","         63.63"
"SMSLIFE","EQ","21-May-2019","        438.75","        438.75","        449.00","        438.75","        438.75","        439.55","        443.82","       1970","              874316.00","        132","       1202","         61.02"
"SMSLIFE","EQ","22-May-2019","        439.55","        440.50","        441.55","        420.00","        420.00","        421.75","        429.73","       5115","             2198053.45","        319","       4032","         78.83"
"SMSLIFE","EQ","23-May-2019","        421.75","        429.75","        433.90","        419.80","        430.00","        426.00","        428.50","       2696","             1155247.25","        238","       1891","         70.14"
"SMSLIFE","EQ","24-May-2019","        426.00","        428.30","        468.00","        423.05","        459.00","        456.90","        455.24","       4746","             2160562.35","        459","       2748","         57.90"
"SMSLIFE","EQ","27-May-2019","        456.90","        456.85","        502.55","        456.85","        502.55","        500.30","        480.06","      11084","             5321028.80","        798","       6358","         57.36"
"SMSLIFE","EQ","28-May-2019","        500.30","        528.00","        550.30","        505.00","        547.35","        546.95","        539.85","      24182","            13054533.70","       1033","      11320","         46.81"
"SMSLIFE","EQ","29-May-2019","        546.95","        541.00","        548.00","        516.00","        524.00","        526.45","        533.03","       5859","             3123010.20","        452","       2859","         48.80"
"SMSLIFE","EQ","30-May-2019","        526.45","        510.00","        529.00","        475.00","        481.00","        483.40","        488.88","      20485","            10014779.05","       1268","      11346","         55.39"
"SMSLIFE","EQ","31-May-2019","        483.40","        495.00","        495.00","        470.10","        486.00","        479.65","        484.87","       5970","             2894668.75","        453","       2403","         40.25"
"SMSLIFE","EQ","03-Jun-2019","        479.65","        479.60","        479.65","        462.80","        465.00","        467.80","        470.20","       2253","             1059360.55","        253","       1195","         53.04"
"SMSLIFE","EQ","04-Jun-2019","        467.80","        470.00","        475.00","        436.60","        467.00","        468.05","        458.21","       6511","             2983405.90","        561","       2870","         44.08"
"SMSLIFE","EQ","06-Jun-2019","        468.05","        461.95","        465.00","        446.05","        450.30","        452.60","        454.90","       2293","             1043076.50","        287","       1300","         56.69"
"SMSLIFE","EQ","07-Jun-2019","        452.60","        452.55","        452.60","        431.00","        434.00","        439.60","        440.79","       1867","              822963.25","        236","       1052","         56.35"
"SMSLIFE","EQ","10-Jun-2019","        439.60","        434.95","        447.00","        425.00","        427.00","        428.30","        434.44","       2733","             1187314.85","        233","       2035","         74.46"
"SMSLIFE","EQ","11-Jun-2019","        428.30","        432.10","        471.10","        432.10","        465.25","        466.85","        451.75","       6844","             3091768.90","        597","       3626","         52.98"
"SMSLIFE","EQ","12-Jun-2019","        466.85","        466.90","        480.00","        455.00","        465.00","        463.30","        465.34","       3205","             1491400.85","        401","       2030","         63.34"
"SMSLIFE","EQ","13-Jun-2019","        463.30","        454.05","        480.00","        440.00","        460.30","        471.35","        457.97","       3662","             1677103.10","        320","       1874","         51.17"
"SMSLIFE","EQ","14-Jun-2019","        471.35","        489.65","        494.00","        442.95","        446.00","        450.00","        460.80","       2640","             1216500.45","        209","       1729","         65.49"
"SMSLIFE","EQ","17-Jun-2019","        450.00","        450.00","        450.00","        432.95","        434.30","        435.45","        440.63","       1416","              623929.65","        274","        790","         54.94"
"SMSLIFE","EQ","18-Jun-2019","        435.45","        437.25","        450.05","        410.25","        430.05","        430.75","        439.71","       3689","             1622089.85","        377","       1750","         46.16"
"SMSLIFE","EQ","19-Jun-2019","        430.75","        437.55","        440.35","        421.00","        428.00","        428.55","        431.48","       2337","             1008366.10","        257","       1393","         59.61"
"SMSLIFE","EQ","20-Jun-2019","        428.55","        426.10","        440.00","        425.00","        430.00","        434.15","        435.02","       1466","              637745.20","        119","        870","         59.35"
"SMSLIFE","EQ","21-Jun-2019","        434.15","        433.05","        438.05","        421.25","        425.10","        432.45","        427.33","       1802","              770047.00","        206","        931","         51.66"
"SMSLIFE","EQ","24-Jun-2019","        432.45","        422.05","        432.75","        422.05","        425.00","        424.65","        424.70","       2107","              894837.00","        116","       1562","         74.13"
"SMSLIFE","EQ","25-Jun-2019","        424.65","        418.60","        430.00","        415.95","        417.25","        421.50","        422.00","        888","              374732.30","         79","        711","         80.07"
"SMSLIFE","EQ","26-Jun-2019","        421.50","        425.00","        433.40","        413.00","        417.00","        426.25","        423.09","       2557","             1081831.00","        238","       1668","         65.23"
"SMSLIFE","EQ","27-Jun-2019","        426.25","        424.00","        468.85","        420.00","        452.00","        450.50","        447.26","       5006","             2238986.05","        515","       2175","         43.45"
"SMSLIFE","EQ","28-Jun-2019","        450.50","        466.85","        466.90","        435.00","        444.00","        444.75","        446.41","       4432","             1978497.85","        264","       1932","         43.59"
"SMSLIFE","EQ","01-Jul-2019","        444.75","        444.75","        454.00","        436.90","        446.50","        440.55","        442.32","        697","              308295.15","         98","        436","         62.55"
"SMSLIFE","EQ","02-Jul-2019","        440.55","        446.90","        450.00","        436.00","        436.50","        439.00","        441.27","       1682","              742210.40","        206","        787","         46.79"
"SMSLIFE","EQ","03-Jul-2019","        439.00","        440.05","        442.00","        432.00","        442.00","        437.05","        437.10","        944","              412626.95","        228","        425","         45.02"
"SMSLIFE","EQ","04-Jul-2019","        437.05","        435.50","        447.00","        425.25","        437.60","        434.70","        438.94","        651","              285750.15","        114","        364","         55.91"
"SMSLIFE","EQ","05-Jul-2019","        434.70","        448.00","        448.00","        415.40","        422.40","        420.70","        424.86","       2892","             1228689.25","        307","       1962","         67.84"
"SMSLIFE","EQ","08-Jul-2019","        420.70","        424.00","        424.00","        395.40","        405.50","        406.85","        407.44","       1839","              749290.60","        168","       1381","         75.10"
"SMSLIFE","EQ","09-Jul-2019","        406.85","        408.75","        420.50","        397.10","        400.00","        407.25","        411.48","       1217","              500768.00","        112","        677","         55.63"
"SMSLIFE","EQ","10-Jul-2019","        407.25","        408.75","        420.00","        400.00","        400.00","        402.40","        403.58","       1039","              419316.60","         86","        827","         79.60"
"SMSLIFE","EQ","11-Jul-2019","        402.40","        403.70","        414.60","        402.90","        412.00","        411.30","        407.81","        532","              216957.25","         57","        431","         81.02"
"SMSLIFE","EQ","12-Jul-2019","        411.30","        402.10","        413.00","        402.10","        410.00","        407.25","        407.93","       2377","              969654.55","        340","       1061","         44.64"
"SMSLIFE","EQ","15-Jul-2019","        407.25","        407.25","        413.60","        399.00","        399.00","        400.95","        405.33","        827","              335204.40","        201","        280","         33.86"
"SMSLIFE","EQ","16-Jul-2019","        400.95","        399.75","        399.75","        371.00","        382.15","        382.90","        383.25","       2615","             1002206.30","        263","       1763","         67.42"
"SMSLIFE","EQ","17-Jul-2019","        382.90","        390.00","        398.00","        371.00","        382.50","        389.50","        388.16","       1095","              425030.55","        130","        782","         71.42"
"SMSLIFE","EQ","18-Jul-2019","        389.50","        372.40","        397.00","        369.85","        384.00","        374.65","        376.16","       3318","             1248097.95","        194","       2611","         78.69"
"SMSLIFE","EQ","19-Jul-2019","        374.65","        374.65","        382.75","        368.15","        372.40","        374.00","        374.74","        787","              294923.25","         65","        421","         53.49"
"SMSLIFE","EQ","22-Jul-2019","        374.00","        372.40","        372.40","        345.00","        360.00","        363.90","        360.06","       3346","             1204776.90","        213","       2187","         65.36"
"SMSLIFE","EQ","23-Jul-2019","        363.90","        368.40","        372.05","        365.00","        365.00","        366.70","        367.70","        636","              233854.80","         75","        266","         41.82"
"SMSLIFE","EQ","24-Jul-2019","        366.70","        373.55","        374.95","        345.95","        373.00","        371.75","        363.75","        975","              354658.25","        160","        570","         58.46"
"SMSLIFE","EQ","25-Jul-2019","        371.75","        373.10","        386.80","        346.00","        358.00","        368.15","        363.18","       1829","              664255.05","        212","        945","         51.67"
"SMSLIFE","EQ","26-Jul-2019","        368.15","        359.00","        384.00","        359.00","        384.00","        379.85","        376.51","       1331","              501131.65","        133","        649","         48.76"
"SMSLIFE","EQ","29-Jul-2019","        379.85","        390.00","        390.00","        365.00","        378.00","        376.45","        373.33","       1049","              391622.20","        122","        787","         75.02"
"SMSLIFE","EQ","30-Jul-2019","        376.45","        381.45","        384.50","        357.35","        360.00","        359.40","        366.19","       1033","              378275.35","        172","        442","         42.79"
"SMSLIFE","EQ","31-Jul-2019","        359.40","        363.45","        365.00","        337.00","        342.75","        344.65","        345.08","       2976","             1026960.80","        254","       1871","         62.87"
"SMSLIFE","EQ","01-Aug-2019","        344.65","        336.90","        352.35","        325.00","        334.00","        337.65","        339.06","       1481","              502154.10","        293","        606","         40.92"
"SMSLIFE","EQ","02-Aug-2019","        337.65","        335.60","        339.40","        325.05","        325.05","        325.85","        329.02","       1063","              349752.40","        119","        720","         67.73"
"SMSLIFE","EQ","05-Aug-2019","        325.85","        325.00","        325.00","        300.05","        315.00","        317.90","        308.17","       1106","              340838.20","        168","        599","         54.16"
"SMSLIFE","EQ","06-Aug-2019","        317.90","        303.45","        345.00","        303.45","        322.05","        328.10","        326.41","        801","              261457.60","         85","        639","         79.78"
"SMSLIFE","EQ","07-Aug-2019","        328.10","        342.00","        393.70","        327.35","        393.70","        393.70","        387.89","      26318","            10208520.20","        996","       8912","         33.86"
"SMSLIFE","EQ","08-Aug-2019","        393.70","        428.00","        459.50","        405.60","        425.00","        428.75","        440.95","     119173","            52549081.10","       7445","      13953","         11.71"
"SMSLIFE","EQ","09-Aug-2019","        428.75","        424.00","        432.65","        400.00","        424.00","        415.20","        419.64","      13373","             5611856.05","        842","       3625","         27.11"
"SMSLIFE","EQ","13-Aug-2019","        415.20","        421.00","        443.00","        390.00","        392.00","        393.05","        407.07","      16221","             6603071.30","        724","       9132","         56.30"
"SMSLIFE","EQ","14-Aug-2019","        393.05","        382.00","        414.00","        382.00","        387.05","        388.20","        392.68","       3804","             1493767.80","        231","       2114","         55.57"
"SMSLIFE","EQ","16-Aug-2019","        388.20","        380.15","        385.00","        367.35","        373.00","        372.60","        375.95","       2329","              875576.60","        140","       1833","         78.70"
"SMSLIFE","EQ","19-Aug-2019","        372.60","        375.05","        425.80","        375.05","        402.10","        402.85","        412.84","      17424","             7193321.10","        965","       5564","         31.93"
"SMSLIFE","EQ","20-Aug-2019","        402.85","        405.00","        414.50","        385.95","        387.25","        391.55","        397.91","       3559","             1416151.70","        253","       2108","         59.23"
"SMSLIFE","EQ","21-Aug-2019","        391.55","        391.55","        398.85","        380.00","        380.00","        383.55","        386.66","       1253","              484482.65","        177","        458","         36.55"
"SMSLIFE","EQ","22-Aug-2019","        383.55","        376.05","        380.00","        362.15","        370.00","        370.60","        372.50","       1907","              710354.10","        192","       1141","         59.83"
"SMSLIFE","EQ","23-Aug-2019","        370.60","        370.00","        400.00","        356.05","        385.80","        384.55","        377.87","       5571","             2105096.75","        399","       2588","         46.45"
"SMSLIFE","EQ","26-Aug-2019","        384.55","        387.00","        403.00","        382.35","        386.50","        386.35","        388.44","       8770","             3406603.65","        383","       6707","         76.48"
"SMSLIFE","EQ","27-Aug-2019","        386.35","        386.40","        395.95","        381.25","        389.00","        386.40","        385.92","       7806","             3012529.25","        235","       5959","         76.34"
"SMSLIFE","EQ","28-Aug-2019","        386.40","        386.40","        389.05","        381.50","        383.75","        383.90","        385.00","        982","              378071.60","        141","        583","         59.37"
"SMSLIFE","EQ","29-Aug-2019","        383.90","        383.90","        388.00","        375.50","        375.50","        382.50","        382.00","       3496","             1335474.45","        139","       3233","         92.48"
"SMSLIFE","EQ","30-Aug-2019","        382.50","        379.00","        391.95","        378.95","        390.50","        389.00","        386.96","       2272","              879162.65","        323","       1271","         55.94"
"SMSLIFE","EQ","03-Sep-2019","        389.00","        381.05","        387.00","        380.20","        385.00","        384.75","        383.37","       4545","             1742437.60","         90","       4243","         93.36"
"SMSLIFE","EQ","04-Sep-2019","        384.75","        382.50","        383.55","        361.70","        380.00","        379.80","        376.44","       2910","             1095452.55","        232","       2129","         73.16"
"SMSLIFE","EQ","05-Sep-2019","        379.80","        399.95","        399.95","        380.00","        382.00","        382.50","        387.84","       1876","              727591.20","        249","       1100","         58.64"
"SMSLIFE","EQ","06-Sep-2019","        382.50","        387.80","        390.00","        378.95","        390.00","        387.15","        382.76","       1956","              748680.30","        268","        956","         48.88"
"SMSLIFE","EQ","09-Sep-2019","        387.15","        377.00","        398.90","        377.00","        396.00","        394.70","        394.04","       3781","             1489860.55","        154","       3193","         84.45"
"SMSLIFE","EQ","11-Sep-2019","        394.70","        391.95","        442.90","        390.30","        407.00","        409.45","        416.08","       8223","             3421416.10","        636","       3439","         41.82"
"SMSLIFE","EQ","12-Sep-2019","        409.45","        419.95","        434.40","        401.00","        423.00","        426.80","        418.61","       6255","             2618380.05","        630","       3378","         54.00"
"SMSLIFE","EQ","13-Sep-2019","        426.80","        441.00","        512.15","        411.00","        512.15","        512.15","        491.07","      44472","            21839026.00","       3268","      15828","         35.59"
"SMSLIFE","EQ","16-Sep-2019","        512.15","        536.05","        555.90","        458.00","        460.00","        465.90","        514.66","     103303","            53165643.85","       6653","      32037","         31.01"
"SMSLIFE","EQ","17-Sep-2019","        465.90","        463.45","        477.00","        438.00","        447.95","        445.10","        457.44","      16798","             7684065.90","       1085","       7315","         43.55"
"SMSLIFE","EQ","18-Sep-2019","        445.10","        449.00","        460.00","        425.05","        426.50","        429.15","        437.66","       8100","             3545075.45","        608","       3724","         45.98"
"SMSLIFE","EQ","19-Sep-2019","        429.15","        439.00","        439.00","        408.00","        408.00","        410.90","        415.23","       6385","             2651213.45","        420","       3389","         53.08"
"SMSLIFE","EQ","20-Sep-2019","        410.90","        405.50","        414.55","        388.00","        394.00","        398.35","        398.00","      27199","            10825238.95","       1109","      18081","         66.48"
"SMSLIFE","EQ","23-Sep-2019","        398.35","        402.00","        421.90","        393.30","        394.00","        396.00","        406.18","      19081","             7750247.30","        889","      12142","         63.63"
"SMSLIFE","EQ","24-Sep-2019","        396.00","        400.00","        400.00","        375.65","        378.00","        379.35","        384.08","       9420","             3618002.40","        558","       5805","         61.62"
"SMSLIFE","EQ","25-Sep-2019","        379.35","        374.95","        375.00","        363.95","        366.00","        365.50","        368.90","      23740","             8757798.95","        837","      17009","         71.65"
"SMSLIFE","EQ","26-Sep-2019","        365.50","        353.00","        364.95","        314.05","        315.00","        323.25","        338.65","      32146","            10886263.90","       2047","      18948","         58.94"
"SMSLIFE","EQ","27-Sep-2019","        323.25","        319.95","        320.00","        290.95","        294.50","        294.10","        303.01","      62896","            19057939.55","       3007","      31999","         50.88"
"SMSLIFE","EQ","30-Sep-2019","        294.10","        290.00","        312.00","        285.00","        298.00","        299.75","        303.17","      39168","            11874454.60","       1938","      16493","         42.11"
"SMSLIFE","EQ","01-Oct-2019","        299.75","        298.55","        348.00","        295.25","        318.00","        318.75","        326.89","      41616","            13603708.10","       2500","      15898","         38.20"
"SMSLIFE","EQ","03-Oct-2019","        318.75","        320.00","        323.55","        298.10","        304.00","        305.65","        308.19","      14755","             4547406.50","        725","       6231","         42.23"
"SMSLIFE","EQ","04-Oct-2019","        305.65","        305.00","        309.05","        300.95","        308.85","        305.80","        305.23","       5485","             1674213.05","        340","       3268","         59.58"
"SMSLIFE","EQ","07-Oct-2019","        305.80","        305.80","        309.90","        299.25","        302.00","        305.50","        304.84","       2809","              856287.85","        288","       1182","         42.08"
"SMSLIFE","EQ","09-Oct-2019","        305.50","        300.30","        302.95","        293.35","        296.25","        299.30","        298.09","       6290","             1875005.65","        422","       3671","         58.36"
"SMSLIFE","EQ","10-Oct-2019","        299.30","        292.05","        301.95","        284.00","        288.00","        286.75","        290.39","       5726","             1662800.80","        328","       3947","         68.93"
"SMSLIFE","EQ","11-Oct-2019","        286.75","        291.05","        300.00","        258.10","        279.00","        279.15","        276.54","      13987","             3867974.20","       1087","       5062","         36.19"
"SMSLIFE","EQ","14-Oct-2019","        279.15","        279.00","        279.00","        263.40","        264.00","        264.70","        267.55","       7063","             1889683.90","        437","       3447","         48.80"
"SMSLIFE","EQ","15-Oct-2019","        264.70","        264.05","        266.00","        248.00","        251.15","        251.95","        255.58","      11469","             2931283.40","        611","       5199","         45.33"
"SMSLIFE","EQ","16-Oct-2019","        251.95","        247.95","        247.95","        226.80","        233.00","        232.55","        237.76","       9151","             2175721.45","        657","       4830","         52.78"
"SMSLIFE","EQ","17-Oct-2019","        232.55","        231.05","        244.15","        230.20","        244.15","        244.15","        242.40","       8600","             2084671.95","        226","       4477","         52.06"
"SMSLIFE","EQ","18-Oct-2019","        244.15","        255.80","        256.35","        240.05","        256.35","        256.35","        254.21","       5064","             1287316.70","        161","       3281","         64.79"
"SMSLIFE","EQ","22-Oct-2019","        256.35","        269.00","        269.15","        264.05","        269.15","        269.15","        268.63","       8701","             2337328.60","        162","       5761","         66.21"
"SMSLIFE","EQ","23-Oct-2019","        269.15","        272.05","        281.70","        256.60","        261.00","        262.15","        269.97","       8651","             2335549.20","        375","       5677","         65.62"
"SMSLIFE","EQ","24-Oct-2019","        262.15","        265.00","        265.00","        249.05","        249.05","        249.70","        254.62","       8357","             2127896.95","        368","       5980","         71.56"
"SMSLIFE","EQ","25-Oct-2019","        249.70","        245.05","        250.20","        237.25","        237.50","        238.95","        240.48","       5344","             1285122.55","        281","       3044","         56.96"
"SMSLIFE","EQ","27-Oct-2019","        238.95","        248.00","        250.85","        240.05","        250.50","        250.65","        250.38","       1680","              420643.40","         75","       1662","         98.93"
"SMSLIFE","EQ","29-Oct-2019","        250.65","        255.05","        258.25","        252.05","        257.20","        256.35","        255.65","       3131","              800449.85","        160","       1913","         61.10"
"SMSLIFE","EQ","30-Oct-2019","        256.35","        264.00","        264.00","        245.25","        246.05","        246.85","        249.99","       2781","              695228.35","        233","       1707","         61.38"
"SMSLIFE","EQ","31-Oct-2019","        246.85","        250.20","        259.15","        250.00","        259.15","        258.75","        258.10","      10735","             2770741.80","        274","       4603","         42.88"
"SMSLIFE","EQ","01-Nov-2019","        258.75","        264.20","        271.65","        262.75","        271.65","        271.65","        270.45","       6150","             1663250.70","        138","       4885","         79.43"
"SMSLIFE","EQ","04-Nov-2019","        271.65","        283.65","        285.00","        268.00","        279.80","        280.90","        279.36","       8568","             2393574.70","        872","       4114","         48.02"
"SMSLIFE","EQ","05-Nov-2019","        280.90","        294.90","        294.90","        294.90","        294.90","        294.90","        294.90","       3086","              910061.40","         81","       3075","         99.64"
"SMSLIFE","EQ","06-Nov-2019","        294.90","        308.00","        309.60","        297.15","        309.60","        309.60","        306.80","       4616","             1416194.10","        222","       3884","         84.14"
"SMSLIFE","EQ","07-Nov-2019","        309.60","        325.05","        325.05","        310.10","        320.00","        317.55","        322.00","      15558","             5009631.45","       1043","       8301","         53.36"
"SMSLIFE","EQ","08-Nov-2019","        317.55","        323.00","        323.00","        301.70","        301.70","        301.90","        306.76","       4485","             1375821.90","        319","       3075","         68.56"
"SMSLIFE","EQ","11-Nov-2019","        301.90","        299.30","        302.05","        287.80","        291.70","        289.65","        291.66","       2628","              766484.90","        355","       1541","         58.64"
"SMSLIFE","EQ","13-Nov-2019","        289.65","        291.70","        304.10","        291.25","        297.00","        297.90","        300.85","       8530","             2566283.20","        440","       3624","         42.49"
"SMSLIFE","EQ","14-Nov-2019","        297.90","        305.00","        305.00","        283.05","        291.50","        287.70","        294.93","       2650","              781574.15","        251","       2101","         79.28"
"SMSLIFE","EQ","15-Nov-2019","        287.70","        278.05","        294.05","        274.10","        281.00","        279.85","        284.66","       4855","             1382012.45","        458","       2441","         50.28"
"SMSLIFE","EQ","18-Nov-2019","        279.85","        275.85","        284.00","        265.90","        265.90","        266.70","        273.29","       5164","             1411254.05","        617","       2831","         54.82"
"SMSLIFE","EQ","19-Nov-2019","        266.70","        274.95","        280.00","        259.20","        259.20","        259.70","        265.85","       2948","              783732.50","        293","       2147","         72.83"
"SMSLIFE","EQ","20-Nov-2019","        259.70","        260.00","        272.65","        258.05","        267.10","        272.00","        267.57","       3760","             1006065.25","        307","       3175","         84.44"
"SMSLIFE","EQ","21-Nov-2019","        272.00","        285.60","        285.60","        271.05","        285.60","        285.60","        285.54","       5744","             1640162.80","        388","       4699","         81.81"
"SMSLIFE","EQ","22-Nov-2019","        285.60","        298.05","        299.85","        280.00","        284.20","        287.00","        291.61","      18613","             5427682.10","       1156","       6372","         34.23"
"SMSLIFE","EQ","25-Nov-2019","        287.00","        299.00","        299.00","        280.95","        284.55","        287.55","        288.85","       6542","             1889670.95","        526","       3061","         46.79"
"SMSLIFE","EQ","26-Nov-2019","        287.55","        289.05","        293.50","        281.95","        285.00","        285.00","        287.35","       1709","              491087.55","        139","        986","         57.69"
"SMSLIFE","EQ","27-Nov-2019","        285.00","        281.00","        297.00","        275.50","        286.90","        285.15","        284.95","       1629","              464185.60","         92","       1182","         72.56"
"SMSLIFE","EQ","28-Nov-2019","        285.15","        282.90","        283.95","        272.50","        279.00","        275.75","        277.39","       2563","              710942.75","        185","       1922","         74.99"
"SMSLIFE","EQ","29-Nov-2019","        275.75","        279.00","        289.50","        272.50","        282.00","        279.75","        285.35","       6298","             1797113.75","        376","       3477","         55.21"
"SMSLIFE","EQ","02-Dec-2019","        279.75","        275.95","        283.95","        273.45","        279.60","        278.65","        278.75","       1829","              509840.80","        229","       1331","         72.77"
"SMSLIFE","EQ","03-Dec-2019","        278.65","        282.05","        283.15","        270.35","        270.35","        273.90","        275.67","       1824","              502818.75","        194","       1514","         83.00"
"SMSLIFE","EQ","04-Dec-2019","        273.90","        274.85","        280.75","        271.50","        271.60","        272.85","        274.53","        610","              167461.30","         97","        434","         71.15"
"SMSLIFE","EQ","05-Dec-2019","        272.85","        267.40","        286.45","        266.55","        275.50","        278.00","        284.17","      17372","             4936609.65","        758","       6335","         36.47"
"SMSLIFE","EQ","06-Dec-2019","        278.00","        284.70","        286.00","        268.00","        269.00","        270.95","        277.21","       8262","             2290271.30","        588","       3965","         47.99"
"SMSLIFE","EQ","09-Dec-2019","        270.95","        271.05","        279.50","        264.10","        266.00","        265.60","        270.42","       1304","              352625.40","        162","        932","         71.47"
"SMSLIFE","EQ","10-Dec-2019","        265.60","        274.00","        274.00","        262.50","        265.00","        265.30","        266.63","       1245","              331952.50","        115","        943","         75.74"
"SMSLIFE","EQ","11-Dec-2019","        265.30","        266.00","        270.00","        255.25","        264.00","        262.05","        262.54","       1870","              490957.40","        124","       1050","         56.15"
"SMSLIFE","EQ","12-Dec-2019","        262.05","        248.55","        266.00","        248.50","        265.00","        263.20","        260.53","       1083","              282149.75","        148","        621","         57.34"
"SMSLIFE","EQ","13-Dec-2019","        263.20","        262.00","        280.00","        260.35","        264.00","        264.80","        270.38","       4394","             1188060.60","        577","       1571","         35.75"
"SMSLIFE","EQ","16-Dec-2019","        264.80","        271.95","        271.95","        263.30","        267.90","        267.85","        268.56","        721","              193632.50","         96","        449","         62.27"
"SMSLIFE","EQ","17-Dec-2019","        267.85","        274.90","        283.90","        265.55","        270.95","        269.95","        274.82","       3440","              945397.35","        280","        866","         25.17"
"SMSLIFE","EQ","18-Dec-2019","        269.95","        267.80","        276.95","        258.05","        266.00","        264.70","        266.14","       2154","              573266.15","        251","       1384","         64.25"
"SMSLIFE","EQ","19-Dec-2019","        264.70","        266.00","        270.95","        263.30","        264.25","        264.95","        265.77","       2832","              752672.30","        294","       1711","         60.42"
"SMSLIFE","EQ","20-Dec-2019","        264.95","        266.05","        269.55","        253.25","        257.10","        257.20","        259.64","       2813","              730371.40","        264","       1940","         68.97"
"SMSLIFE","EQ","23-Dec-2019","        257.20","        268.75","        268.75","        257.90","        259.95","        258.85","        259.47","       2517","              653093.50","         94","       1853","         73.62"
"SMSLIFE","EQ","24-Dec-2019","        258.85","        253.85","        267.00","        253.80","        264.80","        262.60","        261.29","       1891","              494092.30","        214","       1377","         72.82"
"SMSLIFE","EQ","26-Dec-2019","        262.60","        265.00","        267.00","        258.15","        260.05","        259.00","        263.89","        567","              149625.50","         55","        485","         85.54"
"SMSLIFE","EQ","27-Dec-2019","        259.00","        266.90","        267.00","        260.15","        265.10","        263.60","        263.11","       3301","              868539.55","        205","       2436","         73.80"
"SMSLIFE","EQ","30-Dec-2019","        263.60","        264.00","        266.85","        260.10","        261.55","        263.10","        262.96","       1079","              283735.15","        247","        257","         23.82"
"SMSLIFE","EQ","31-Dec-2019","        263.10","        261.05","        272.00","        261.00","        263.10","        263.15","        266.18","       1434","              381700.45","        215","        809","         56.42"
"SMSLIFE","EQ","01-Jan-2020","        263.15","        263.05","        269.75","        263.05","        266.20","        265.35","        266.41","        922","              245631.15","        157","        522","         56.62"
"SMSLIFE","EQ","02-Jan-2020","        265.35","        269.90","        280.00","        263.00","        276.00","        273.40","        271.30","       8330","             2259895.65","        465","       6031","         72.40"
"SMSLIFE","EQ","03-Jan-2020","        273.40","        269.55","        300.70","        269.55","        281.40","        280.60","        291.99","      27595","             8057443.40","       1623","       8872","         32.15"
"SMSLIFE","EQ","06-Jan-2020","        280.60","        280.00","        289.00","        270.00","        271.00","        271.90","        274.97","       1386","              381106.10","         92","        843","         60.82"
"SMSLIFE","EQ","07-Jan-2020","        271.90","        261.65","        279.80","        261.65","        273.05","        275.20","        275.34","       2424","              667413.20","        383","       1172","         48.35"
"SMSLIFE","EQ","08-Jan-2020","        275.20","        274.90","        280.00","        270.30","        271.50","        273.75","        273.87","       1240","              339597.90","        246","        616","         49.68"
"SMSLIFE","EQ","09-Jan-2020","        273.75","        274.20","        284.50","        274.20","        275.55","        278.05","        279.56","       2188","              611686.25","        101","       1667","         76.19"
"SMSLIFE","EQ","10-Jan-2020","        278.05","        278.05","        283.45","        270.00","        270.95","        272.45","        275.10","       1413","              388717.25","        140","        939","         66.45"
"SMSLIFE","EQ","13-Jan-2020","        272.45","        273.00","        288.95","        268.20","        272.90","        270.30","        271.53","       5181","             1406797.10","        147","       4456","         86.01"
"SMSLIFE","EQ","14-Jan-2020","        270.30","        270.30","        277.90","        270.30","        273.55","        273.55","        274.45","       1547","              424577.05","        100","        986","         63.74"
"SMSLIFE","EQ","15-Jan-2020","        273.55","        275.95","        294.75","        270.05","        274.10","        275.90","        280.95","       4360","             1224946.65","        316","       2709","         62.13"
"SMSLIFE","EQ","16-Jan-2020","        275.90","        284.80","        284.80","        270.30","        272.00","        272.55","        275.10","       4555","             1253070.80","        241","       3548","         77.89"
"SMSLIFE","EQ","17-Jan-2020","        272.55","        275.00","        286.00","        275.00","        278.05","        279.40","        279.96","       3038","              850525.60","        156","       2547","         83.84"
"SMSLIFE","EQ","20-Jan-2020","        279.40","        270.05","        290.00","        264.20","        277.20","        278.15","        281.32","       3010","              846787.85","        263","       1800","         59.80"
"SMSLIFE","EQ","21-Jan-2020","        278.15","        286.90","        286.90","        273.45","        277.05","        279.60","        280.02","       1438","              402665.35","        345","        812","         56.47"
"SMSLIFE","EQ","22-Jan-2020","        279.60","        277.30","        282.20","        272.00","        272.10","        273.40","        275.13","       2596","              714227.70","        397","       1454","         56.01"
"SMSLIFE","EQ","23-Jan-2020","        273.40","        273.40","        281.90","        270.00","        272.00","        273.30","        273.57","       1093","              299015.85","        151","        594","         54.35"
"SMSLIFE","EQ","24-Jan-2020","        273.30","        271.00","        278.00","        270.20","        272.15","        273.30","        273.35","       1235","              337588.65","        205","        758","         61.38"
"SMSLIFE","EQ","27-Jan-2020","        273.30","        273.30","        281.00","        270.00","        281.00","        276.10","        274.02","       1597","              437617.25","        100","       1321","         82.72"
"SMSLIFE","EQ","28-Jan-2020","        276.10","        276.10","        283.00","        270.00","        270.50","        271.65","        273.41","       2412","              659471.15","        149","       1661","         68.86"
"SMSLIFE","EQ","29-Jan-2020","        271.65","        274.00","        274.00","        268.00","        269.05","        269.70","        270.74","       1670","              452132.10","        120","        866","         51.86"
"SMSLIFE","EQ","30-Jan-2020","        269.70","        269.60","        276.45","        263.10","        265.70","        267.25","        271.64","       1357","              368622.05","        290","        619","         45.62"
"SMSLIFE","EQ","31-Jan-2020","        267.25","        275.00","        276.00","        266.50","        268.00","        273.05","        272.78","       2154","              587567.40","         76","       1649","         76.56"
"SMSLIFE","EQ","01-Feb-2020","        273.05","        273.00","        283.80","        263.70","        265.75","        266.25","        275.17","       3430","              943845.30","        345","       2358","         68.75"
"SMSLIFE","EQ","03-Feb-2020","        266.25","        263.05","        280.00","        263.05","        266.20","        267.50","        269.81","       1960","              528827.25","        352","       1001","         51.07"
"SMSLIFE","EQ","04-Feb-2020","        267.50","        264.00","        274.00","        263.00","        263.00","        264.55","        265.53","       1488","              395111.05","        162","       1155","         77.62"
"SMSLIFE","EQ","05-Feb-2020","        264.55","        263.00","        264.90","        258.00","        264.80","        263.10","        261.45","       2411","              630352.15","        108","       1532","         63.54"
"SMSLIFE","EQ","06-Feb-2020","        263.10","        272.80","        279.00","        260.00","        271.00","        271.10","        271.34","       1835","              497910.60","        181","       1013","         55.20"
"SMSLIFE","EQ","07-Feb-2020","        271.10","        274.00","        278.95","        266.05","        269.00","        270.60","        271.44","       2710","              735602.70","        153","       1770","         65.31"
"SMSLIFE","EQ","10-Feb-2020","        270.60","        273.80","        273.80","        269.05","        272.75","        272.25","        271.72","       1981","              538280.35","        165","       1278","         64.51"
"SMSLIFE","EQ","11-Feb-2020","        272.25","        274.00","        290.00","        266.50","        278.20","        281.10","        276.85","       3681","             1019069.00","        200","       2868","         77.91"
"SMSLIFE","EQ","12-Feb-2020","        281.10","        283.00","        290.00","        281.10","        286.00","        283.65","        284.52","       3916","             1114161.30","        180","       3066","         78.29"
"SMSLIFE","EQ","13-Feb-2020","        283.65","        288.80","        303.50","        281.15","        285.05","        287.90","        285.89","       5762","             1647302.85","        287","       4025","         69.85"
"SMSLIFE","EQ","14-Feb-2020","        287.90","        287.90","        290.00","        281.90","        282.80","        285.55","        285.18","       2601","              741740.80","        568","        904","         34.76"
"SMSLIFE","EQ","17-Feb-2020","        285.55","        270.00","        270.00","        251.50","        252.10","        252.10","        258.84","      19045","             4929572.95","        882","      12689","         66.63"
"SMSLIFE","EQ","18-Feb-2020","        252.10","        252.50","        267.20","        241.40","        254.00","        247.95","        251.78","       3571","              899096.45","        356","       1796","         50.29"
"SMSLIFE","EQ","19-Feb-2020","        247.95","        245.00","        260.00","        245.00","        255.00","        259.30","        253.84","       5332","             1353485.80","        162","       4061","         76.16"
"SMSLIFE","EQ","20-Feb-2020","        259.30","        253.20","        261.00","        250.05","        254.10","        254.15","        255.05","       3688","              940635.50","        251","       2328","         63.12"
"SMSLIFE","EQ","24-Feb-2020","        254.15","        258.00","        259.45","        235.95","        255.85","        254.15","        250.65","       2470","              619103.35","        152","       1600","         64.78"
"SMSLIFE","EQ","25-Feb-2020","        254.15","        246.70","        255.95","        246.70","        247.00","        247.95","        248.64","       1335","              331930.40","         57","       1051","         78.73"
"SMSLIFE","EQ","26-Feb-2020","        247.95","        251.00","        251.00","        227.20","        230.80","        237.75","        243.18","       2858","              694995.50","        216","       2010","         70.33"
"SMSLIFE","EQ","27-Feb-2020","        237.75","        240.00","        240.00","        222.05","        230.10","        230.20","        231.63","       3267","              756730.95","        312","       1961","         60.02"
"SMSLIFE","EQ","28-Feb-2020","        230.20","        228.25","        231.95","        217.00","        231.95","        229.70","        224.12","       6076","             1361759.30","        217","       4941","         81.32"
"SMSLIFE","EQ","02-Mar-2020","        229.70","        249.00","        257.80","        232.10","        242.05","        248.65","        246.83","       8864","             2187858.90","        454","       5505","         62.11"
"SMSLIFE","EQ","03-Mar-2020","        248.65","        252.95","        252.95","        230.00","        230.05","        235.75","        240.70","       1728","              415935.70","        249","        696","         40.28"
"SMSLIFE","EQ","04-Mar-2020","        235.75","        235.75","        254.00","        233.00","        254.00","        247.20","        244.22","       2740","              669165.10","        192","       1520","         55.47"
"SMSLIFE","EQ","05-Mar-2020","        247.20","        248.00","        262.00","        248.00","        253.00","        256.55","        252.47","       5875","             1483252.65","        195","       5070","         86.30"
"SMSLIFE","EQ","06-Mar-2020","        256.55","        256.55","        256.55","        238.00","        252.00","        245.75","        250.89","     153857","            38601264.80","        250","     152440","         99.08"
"SMSLIFE","EQ","09-Mar-2020","        245.75","        249.90","        252.00","        221.00","        228.05","        230.65","        237.90","       3566","              848349.15","        244","       2474","         69.38"
"SMSLIFE","EQ","11-Mar-2020","        230.65","        235.00","        238.85","        230.00","        230.00","        230.40","        231.23","       1727","              399326.60","        106","        994","         57.56"
"SMSLIFE","EQ","12-Mar-2020","        230.40","        221.95","        240.05","        191.00","        199.00","        197.60","        208.51","       6094","             1270640.45","        411","       4225","         69.33"
"SMSLIFE","EQ","13-Mar-2020","        197.60","        176.05","        231.00","        164.00","        213.10","        217.55","        207.98","       3640","              757045.65","        234","       2095","         57.55"
"SMSLIFE","EQ","16-Mar-2020","        217.55","        201.25","        224.95","        194.50","        222.00","        213.20","        210.40","       2597","              546404.40","        290","       1363","         52.48"
"SMSLIFE","EQ","17-Mar-2020","        213.20","        221.85","        247.00","        206.65","        215.00","        216.20","        224.50","       2149","              482455.75","        328","        952","         44.30"
"SMSLIFE","EQ","18-Mar-2020","        216.20","        218.00","        235.70","        187.95","        190.00","        198.30","        202.17","       3314","              669995.80","        274","       2032","         61.32"
"SMSLIFE","EQ","19-Mar-2020","        198.30","        186.05","        189.95","        173.00","        184.00","        180.30","        180.46","       3238","              584316.50","        147","       2548","         78.69"
"SMSLIFE","EQ","20-Mar-2020","        180.30","        180.00","        199.00","        175.05","        191.40","        191.60","        189.78","       3432","              651314.05","        368","       1897","         55.27"
"SMSLIFE","EQ","23-Mar-2020","        191.60","        194.00","        210.00","        172.20","        183.00","        176.05","        185.50","       1333","              247265.80","        102","        817","         61.29"
"SMSLIFE","EQ","24-Mar-2020","        176.05","        161.00","        198.00","        161.00","        170.00","        174.20","        178.41","       1419","              253157.95","        102","        680","         47.92"
"SMSLIFE","EQ","25-Mar-2020","        174.20","        175.00","        185.00","        175.00","        180.00","        179.75","        177.90","       1023","              181987.65","         60","        751","         73.41"
"SMSLIFE","EQ","26-Mar-2020","        179.75","        190.45","        198.05","        180.00","        185.95","        183.05","        188.96","       1623","              306687.75","        116","        955","         58.84"
"SMSLIFE","EQ","27-Mar-2020","        183.05","        200.95","        200.95","        152.65","        166.00","        168.35","        169.48","       4342","              735878.65","        205","       2019","         46.50"
"SMSLIFE","EQ","30-Mar-2020","        168.35","        190.00","        190.00","        160.00","        173.95","        173.90","        172.98","       1898","              328325.30","         93","       1179","         62.12"
"SMSLIFE","EQ","31-Mar-2020","        173.90","        172.25","        182.85","        172.25","        178.95","        178.75","        179.07","       1595","              285610.10","        146","        652","         40.88"
"SMSLIFE","EQ","01-Apr-2020","        178.75","        178.05","        181.35","        171.30","        178.15","        178.05","        175.90","        975","              171506.35","         53","        588","         60.31"
"SMSLIFE","EQ","03-Apr-2020","        178.05","        174.00","        178.80","        167.05","        168.25","        171.00","        173.27","       1579","              273595.30","        106","       1192","         75.49"
"SMSLIFE","EQ","07-Apr-2020","        171.00","        184.00","        197.00","        177.00","        194.00","        193.30","        185.34","       9197","             1704601.60","        352","       5135","         55.83"
"SMSLIFE","EQ","08-Apr-2020","        193.30","        199.00","        220.95","        190.10","        195.00","        192.70","        203.54","       9735","             1981441.55","        368","       5875","         60.35"
"SMSLIFE","EQ","09-Apr-2020","        192.70","        193.00","        207.75","        193.00","        195.00","        196.30","        200.52","       5256","             1053934.80","        292","       2820","         53.65"
"SMSLIFE","EQ","13-Apr-2020","        196.30","        190.25","        212.00","        190.25","        203.00","        204.20","        202.24","       9296","             1879977.70","        416","       5569","         59.91"
"SMSLIFE","EQ","15-Apr-2020","        204.20","        205.00","        245.00","        205.00","        245.00","        245.00","        238.55","      48224","            11503868.50","       1548","      15775","         32.71"
"SMSLIFE","EQ","16-Apr-2020","        245.00","        265.00","        294.00","        260.00","        294.00","        294.00","        286.05","     158839","            45435452.75","       5299","      34035","         21.43"
"SMSLIFE","EQ","17-Apr-2020","        294.00","        307.50","        323.05","        305.65","        316.50","        316.75","        315.28","      86368","            27229824.95","       3697","      33922","         39.28"
"SMSLIFE","EQ","20-Apr-2020","        316.75","        310.00","        310.00","        286.10","        292.00","        291.25","        294.81","      24397","             7192403.10","       1377","      13359","         54.76"
"SMSLIFE","EQ","21-Apr-2020","        291.25","        307.00","        307.00","        265.00","        268.00","        268.70","        274.24","      13635","             3739205.80","        901","       8122","         59.57"
"SMSLIFE","EQ","22-Apr-2020","        268.70","        270.25","        278.00","        242.00","        247.75","        252.10","        253.72","      15491","             3930362.05","        851","       7235","         46.70"
"SMSLIFE","EQ","23-Apr-2020","        252.10","        252.50","        277.30","        246.25","        277.30","        277.30","        271.39","      13186","             3578517.55","        484","       8573","         65.02"
"SMSLIFE","EQ","24-Apr-2020","        277.30","        286.75","        299.90","        275.00","        275.00","        278.55","        286.82","      19762","             5668211.20","        903","       9815","         49.67"
"SMSLIFE","EQ","27-Apr-2020","        278.55","        278.55","        293.85","        263.10","        277.00","        276.45","        279.39","       7690","             2148515.35","        482","       3767","         48.99"
"SMSLIFE","EQ","28-Apr-2020","        276.45","        272.50","        276.50","        263.55","        273.90","        271.80","        270.54","       7509","             2031509.20","        486","       2885","         38.42"
"SMSLIFE","EQ","29-Apr-2020","        271.80","        269.15","        287.05","        267.50","        275.15","        277.70","        281.27","      10636","             2991585.20","        789","       5376","         50.55"
"SMSLIFE","EQ","30-Apr-2020","        277.70","        280.10","        289.00","        271.15","        276.75","        275.95","        281.85","       9661","             2722999.90","        518","       4903","         50.75"
"SMSLIFE","EQ","04-May-2020","        275.95","        270.20","        274.00","        262.05","        264.00","        263.90","        268.02","       4279","             1146856.70","        294","       2644","         61.79"
"SMSLIFE","EQ","05-May-2020","        263.90","        270.10","        279.10","        263.00","        265.00","        264.30","        270.45","       2975","              804585.60","        195","       1037","         34.86"
"SMSLIFE","EQ","06-May-2020","        264.30","        262.00","        264.45","        255.10","        262.00","        261.50","        260.31","       4367","             1136783.55","        235","       2528","         57.89"
"SMSLIFE","EQ","07-May-2020","        261.50","        261.55","        265.00","        255.20","        259.90","        261.40","        260.27","       1615","              420333.15","        152","        765","         47.37"
"SMSLIFE","EQ","08-May-2020","        261.40","        251.55","        264.85","        245.10","        249.90","        248.75","        255.26","       4452","             1136415.25","        268","       2851","         64.04"
"SMSLIFE","EQ","11-May-2020","        248.75","        246.00","        255.00","        231.55","        247.00","        240.00","        245.59","       6366","             1563405.80","        421","       2485","         39.04"
"SMSLIFE","EQ","12-May-2020","        240.00","        242.85","        242.90","        227.40","        235.05","        236.10","        234.12","       6470","             1514758.00","        306","       3387","         52.35"
"SMSLIFE","EQ","13-May-2020","        236.10","        241.05","        248.05","        237.10","        241.35","        241.10","        242.27","       3687","              893243.40","        298","       2032","         55.11"
"SMSLIFE","EQ","14-May-2020","        241.10","        237.80","        245.00","        236.65","        240.95","        239.35","        239.48","       1722","              412384.35","        125","       1073","         62.31"
"SMSLIFE","EQ","15-May-2020","        239.35","        246.35","        246.95","        235.25","        242.90","        239.65","        240.07","       1411","              338734.00","        160","        706","         50.04"
"SMSLIFE","EQ","18-May-2020","        239.65","        242.85","        242.85","        220.55","        229.60","        223.45","        227.10","       3472","              788485.15","        335","       1798","         51.79"
"SMSLIFE","EQ","19-May-2020","        223.45","        229.60","        229.60","        216.55","        221.00","        219.95","        222.58","       4598","             1023433.30","        244","       2318","         50.41"
"SMSLIFE","EQ","20-May-2020","        219.95","        224.70","        224.70","        214.95","        220.00","        220.55","        219.04","       4052","              887568.15","        391","       2564","         63.28"
"SMSLIFE","EQ","21-May-2020","        220.55","        220.00","        235.75","        219.95","        227.00","        227.60","        229.89","       7618","             1751337.95","        531","       4231","         55.54"
"SMSLIFE","EQ","22-May-2020","        227.60","        232.05","        236.70","        222.25","        223.00","        223.85","        230.70","       5717","             1318892.60","        339","       2817","         49.27"
"SMSLIFE","EQ","26-May-2020","        223.85","        224.20","        226.65","        218.00","        223.50","        220.90","        222.56","       3813","              848613.45","        317","       1539","         40.36"
"SMSLIFE","EQ","27-May-2020","        220.90","        218.50","        235.10","        216.85","        228.55","        229.60","        226.41","       4918","             1113477.40","        438","       2381","         48.41"
"SMSLIFE","EQ","28-May-2020","        229.60","        227.00","        238.00","        227.00","        237.95","        234.40","        232.98","       6324","             1473344.35","        475","       3194","         50.51"
"SMSLIFE","EQ","29-May-2020","        234.40","        237.50","        257.80","        232.80","        257.80","        257.80","        247.94","      11576","             2870119.55","        793","       5778","         49.91"
"SMSLIFE","EQ","01-Jun-2020","        257.80","        270.00","        277.90","        262.15","        267.00","        269.70","        271.87","      21454","             5832669.80","       1156","       7205","         33.58"
"SMSLIFE","EQ","02-Jun-2020","        269.70","        276.85","        276.85","        266.25","        272.00","        270.25","        270.14","       6749","             1823208.10","        473","       3217","         47.67"
"SMSLIFE","EQ","03-Jun-2020","        270.25","        268.05","        279.15","        264.00","        276.00","        273.00","        272.78","      10933","             2982250.45","        615","       3942","         36.06"
"SMSLIFE","EQ","04-Jun-2020","        273.00","        277.85","        285.00","        258.05","        269.00","        272.90","        279.87","      24606","             6886433.40","        571","       6687","         27.18"
"SMSLIFE","EQ","05-Jun-2020","        272.90","        274.55","        299.00","        263.30","        285.90","        284.35","        287.66","      33410","             9610757.55","       1653","      10316","         30.88"
"SMSLIFE","EQ","08-Jun-2020","        284.35","        285.90","        288.05","        274.85","        276.00","        276.80","        280.30","       6478","             1815790.15","        470","       3598","         55.54"
"SMSLIFE","EQ","09-Jun-2020","        276.80","        276.05","        332.15","        276.00","        332.15","        332.15","        323.99","      79469","            25746788.55","       1849","      35620","         44.82"
"SMSLIFE","EQ","10-Jun-2020","        332.15","        351.00","        367.00","        332.15","        339.00","        337.00","        352.18","     137528","            48434831.30","       6757","      42802","         31.12"
"SMSLIFE","EQ","11-Jun-2020","        337.00","        337.00","        350.95","        315.50","        318.50","        318.20","        328.70","      50424","            16574283.05","       3134","      12417","         24.63"
"SMSLIFE","EQ","12-Jun-2020","        318.20","        302.70","        344.60","        302.70","        328.40","        326.50","        327.59","      35543","            11643382.35","       1144","      11504","         32.37"
"SMSLIFE","EQ","15-Jun-2020","        326.50","        321.55","        325.00","        302.65","        313.00","        310.60","        313.12","      18908","             5920380.25","        851","      11244","         59.47"
"SMSLIFE","EQ","16-Jun-2020","        310.60","        321.00","        321.00","        296.00","        300.15","        301.15","        308.92","      11992","             3704516.20","        608","       6382","         53.22"
"SMSLIFE","EQ","17-Jun-2020","        301.15","        294.00","        306.40","        294.00","        300.85","        297.70","        300.93","       5725","             1722813.35","        306","       3195","         55.81"
"SMSLIFE","EQ","18-Jun-2020","        297.70","        297.00","        308.85","        292.65","        300.40","        302.00","        302.66","       4160","             1259078.70","        225","       3195","         76.80"
"SMSLIFE","EQ","19-Jun-2020","        302.00","        312.00","        312.00","        293.00","        296.95","        296.30","        298.82","       8436","             2520880.35","        397","       5848","         69.32"
"SMSLIFE","EQ","22-Jun-2020","        296.30","        298.00","        355.55","        293.00","        355.55","        351.75","        346.99","     170678","            59223698.80","       3953","      47858","         28.04"
"SMSLIFE","EQ","23-Jun-2020","        351.75","        359.95","        359.95","        322.00","        322.00","        326.90","        335.93","      41248","            13856320.45","       1826","      15244","         57.58"
"SMSLIFE","EQ","24-Jun-2020","        326.90","        333.00","        335.00","        315.00","        315.05","        317.30","        325.05","      16469","             5353220.30","        752","      11060","         67.16"
"SMSLIFE","EQ","25-Jun-2020","        317.30","        310.05","        332.50","        308.95","        325.00","        324.50","        322.14","      12617","             4064390.80","        479","       7083","         56.14"
"SMSLIFE","EQ","26-Jun-2020","        324.50","        333.95","        333.95","        314.85","        320.50","        319.00","        319.55","       9768","             3121393.00","        365","       4843","         49.58"
"SMSLIFE","EQ","29-Jun-2020","        319.00","        332.85","        332.85","        301.00","        305.50","        304.90","        307.02","      18449","             5664126.10","        663","      10780","         58.43"
"SMSLIFE","EQ","30-Jun-2020","        304.90","        316.80","        316.80","        297.90","        299.00","        298.95","        302.38","       6268","             1895321.75","        225","       4847","         77.33"
"SMSLIFE","EQ","01-Jul-2020","        298.95","        300.00","        306.90","        296.00","        300.00","        299.30","        299.64","       4550","             1363366.70","        199","       2572","         56.53"
"SMSLIFE","EQ","02-Jul-2020","        299.30","        302.00","        308.70","        299.00","        305.95","        304.75","        303.72","       6695","             2033396.90","        228","       4170","         62.29"
"SMSLIFE","EQ","03-Jul-2020","        304.75","        306.00","        308.00","        295.50","        300.50","        298.60","        299.45","       8315","             2489902.60","        258","       5421","         65.20"
"SMSLIFE","EQ","06-Jul-2020","        298.60","        308.60","        308.60","        298.00","        299.00","        299.25","        299.73","       5278","             1581957.60","        264","       3481","         65.95"
"SMSLIFE","EQ","07-Jul-2020","        299.25","        304.10","        304.10","        297.00","        297.65","        298.25","        298.85","       4171","             1246524.10","        205","       2950","         70.73"
"SMSLIFE","EQ","08-Jul-2020","        298.25","        301.00","        304.85","        295.15","        300.10","        300.90","        300.53","       4722","             1419112.80","        220","       2799","         59.28"
"SMSLIFE","EQ","09-Jul-2020","        300.90","        298.45","        307.85","        296.15","        298.10","        298.80","        300.39","       5698","             1711615.20","        351","       2860","         50.19"
"SMSLIFE","EQ","10-Jul-2020","        298.80","        300.05","        340.00","        296.00","        318.80","        318.50","        323.29","      99101","            32038661.45","       5394","      20407","         20.59"
"SMSLIFE","EQ","13-Jul-2020","        318.50","        324.00","        376.00","        319.55","        361.00","        361.25","        356.84","     246019","            87789601.60","       9321","      54603","         22.19"
"SMSLIFE","EQ","14-Jul-2020","        361.25","        361.80","        368.70","        332.45","        336.00","        336.50","        348.42","      85825","            29903254.45","       4243","      31962","         37.24"
"SMSLIFE","EQ","15-Jul-2020","        336.50","        336.60","        364.40","        336.60","        343.00","        340.50","        350.84","      40068","            14057262.90","       2119","      11769","         29.37"
"SMSLIFE","EQ","16-Jul-2020","        340.50","        345.35","        347.75","        324.50","        331.95","        333.10","        334.12","      17266","             5768930.20","       1263","       6405","         37.10"
"SMSLIFE","EQ","17-Jul-2020","        333.10","        334.80","        353.90","        327.50","        334.95","        334.50","        342.03","      25277","             8645417.90","       1363","       7617","         30.13"
"SMSLIFE","EQ","20-Jul-2020","        334.50","        340.95","        350.00","        334.00","        336.10","        338.40","        339.88","      10572","             3593233.10","        634","       4260","         40.30"
"SMSLIFE","EQ","21-Jul-2020","        338.40","        344.95","        350.00","        332.95","        338.50","        338.55","        343.66","       9717","             3339302.70","        775","       4498","         46.29"
"SMSLIFE","EQ","22-Jul-2020","        338.55","        338.55","        341.75","        325.00","        329.95","        329.10","        333.19","       6643","             2213348.85","        417","       4375","         65.86"
"SMSLIFE","EQ","23-Jul-2020","        329.10","        339.95","        355.00","        331.00","        341.30","        341.65","        345.09","      36261","            12513322.55","       1709","      13145","         36.25"
"SMSLIFE","EQ","24-Jul-2020","        341.65","        344.00","        354.80","        333.95","        341.20","        341.85","        345.23","      21500","             7422365.05","       1077","       8590","         39.95"
"SMSLIFE","EQ","27-Jul-2020","        341.85","        343.00","        348.50","        333.95","        336.00","        338.75","        338.73","      10192","             3452322.10","        542","       5223","         51.25"
"SMSLIFE","EQ","28-Jul-2020","        338.75","        338.05","        342.95","        326.00","        334.85","        332.35","        332.84","      13801","             4593570.85","        960","       6980","         50.58"
"SMSLIFE","EQ","29-Jul-2020","        332.35","        334.05","        336.65","        328.00","        328.50","        330.50","        332.04","       9113","             3025835.05","        425","       4916","         53.94"
"SMSLIFE","EQ","30-Jul-2020","        330.50","        330.05","        342.00","        328.00","        330.00","        331.95","        334.18","      10014","             3346467.40","        394","       6012","         60.04"
"SMSLIFE","EQ","31-Jul-2020","        331.95","        334.00","        345.00","        325.25","        335.00","        336.10","        335.82","      14667","             4925470.45","        982","       5577","         38.02"
"SMSLIFE","EQ","03-Aug-2020","        336.10","        337.25","        403.30","        331.00","        403.30","        403.30","        375.05","     154768","            58045923.30","       5240","      50419","         32.58"
"SMSLIFE","EQ","04-Aug-2020","        403.30","        438.00","        478.70","        420.05","        472.50","        468.60","        462.49","     382767","           177025342.25","      15341","      64482","         16.85"
"SMSLIFE","EQ","05-Aug-2020","        468.60","        472.00","        476.00","        431.30","        436.50","        437.65","        447.62","      81818","            36623318.15","       3774","      32325","         39.51"
"SMSLIFE","EQ","06-Aug-2020","        437.65","        431.10","        436.00","        411.00","        414.00","        415.25","        421.07","      26566","            11186276.10","       1680","      14194","         53.43"
"SMSLIFE","EQ","07-Aug-2020","        415.25","        415.25","        456.75","        413.00","        438.00","        430.50","        438.59","      65743","            28834053.50","       2270","      22610","         34.39"
"SMSLIFE","EQ","10-Aug-2020","        430.50","        440.00","        468.00","        436.20","        462.00","        459.05","        455.12","      38390","            17472212.05","       2119","      15545","         40.49"
"SMSLIFE","EQ","11-Aug-2020","        459.05","        459.05","        470.00","        438.00","        445.00","        444.60","        453.74","      20942","             9502251.45","       1317","      10525","         50.26"
"SMSLIFE","EQ","12-Aug-2020","        444.60","        428.00","        443.90","        427.00","        429.90","        429.20","        433.23","      12973","             5620296.00","        833","       6896","         53.16"
"SMSLIFE","EQ","13-Aug-2020","        429.20","        443.95","        443.95","        422.00","        426.75","        423.50","        431.65","      12510","             5399955.55","        686","       9468","         75.68"
"SMSLIFE","EQ","14-Aug-2020","        423.50","        427.00","        429.90","        408.35","        413.00","        412.80","        418.44","      15200","             6360232.55","        970","       9539","         62.76"
"SMSLIFE","EQ","17-Aug-2020","        412.80","        418.50","        446.00","        418.50","        438.00","        434.60","        435.50","      18540","             8074221.30","        920","      10537","         56.83"
"SMSLIFE","EQ","18-Aug-2020","        434.60","        428.15","        436.60","        423.10","        432.30","        430.45","        429.35","       7258","             3116240.10","        688","       4939","         68.05"
"SMSLIFE","EQ","19-Aug-2020","        430.45","        433.00","        455.00","        428.15","        435.40","        432.65","        434.34","      20146","             8750164.85","        812","      14045","         69.72"
"SMSLIFE","EQ","20-Aug-2020","        432.65","        432.90","        450.00","        432.55","        450.00","        445.80","        441.70","      17095","             7550879.05","       1109","      11792","         68.98"
"SMSLIFE","EQ","21-Aug-2020","        445.80","        459.00","        486.40","        455.65","        476.50","        474.05","        471.71","      74733","            35252062.10","       4238","      33450","         44.76"
"SMSLIFE","EQ","24-Aug-2020","        474.05","        470.00","        470.00","        441.00","        463.35","        459.95","        455.93","      35934","            16383333.30","       2146","      21196","         58.99"
"SMSLIFE","EQ","25-Aug-2020","        459.95","        463.85","        483.95","        455.00","        477.00","        476.05","        472.70","      32103","            15175178.55","       2437","      18221","         56.76"
"SMSLIFE","EQ","26-Aug-2020","        476.05","        490.00","        490.00","        470.00","        474.00","        473.20","        479.99","      15795","             7581368.75","       1153","       9096","         57.59"
"SMSLIFE","EQ","27-Aug-2020","        473.20","        472.95","        484.45","        443.75","        463.50","        461.50","        467.04","      11687","             5458293.05","       1004","       7325","         62.68"
"SMSLIFE","EQ","28-Aug-2020","        461.50","        461.55","        471.00","        456.00","        463.50","        458.45","        461.71","       7899","             3647034.25","        574","       5388","         68.21"
